251
251
252
252
252
252
253
253
252
252
252
251
252
252
252
250
251
253
255
255
254
254
253
254
253
250
249
250
252
253
253
254
255
255
255
255
255
255
255
255
255
255
255
255
255
255
255
255
255
255
255
255
255
255
255
255
255
255
255
255
255
255
255
255
255
255
255
255
255
255
255
255
255
255
255
255
255
255
255
255
255
255
255
255
255
255
255
255
255
255
255
255
255
255
255
255
255
255
255
255
255
255
255
255
255
255
255
255
255
255
255
255
255
255
255
255
255
255
255
255
255
255
255
255
255
255
255
255
255
255
255
255
255
255
255
255
255
255
255
255
255
255
255
255
255
255
255
255
255
255
255
255
255
255
255
255
255
255
255
255
255
255
255
255
255
255
255
255
255
255
255
255
255
255
255
255
255
255
255
255
255
255
255
255
255
255
255
255
255
255
255
255
255
255
255
255
255
255
255
255
255
255
255
255
255
255
255
255
255
255
255
255
255
255
255
255
255
255
255
255
255
255
255
255
247
247
247
248
248
249
249
251
253
254
254
254
254
254
254
253
252
252
254
254
254
254
254
254
254
253
251
251
252
253
254
255
255
255
255
255
255
255
255
255
255
255
255
255
255
255
255
255
255
255
255
255
255
255
255
255
255
255
255
255
255
255
255
255
255
255
255
255
255
255
255
255
255
255
255
255
255
255
255
255
255
255
255
255
255
255
255
255
255
255
255
255
255
255
255
255
255
255
255
255
255
255
255
255
255
255
255
255
255
255
255
255
255
255
255
255
255
255
255
255
255
255
255
255
255
255
255
255
255
255
255
255
255
255
255
255
255
255
255
255
255
255
255
255
255
255
255
255
255
255
255
255
255
255
255
255
255
255
255
255
255
255
255
255
255
255
255
255
255
255
255
255
255
255
255
255
255
255
255
255
255
255
255
255
255
255
255
255
255
255
255
255
255
255
255
255
255
255
255
255
255
255
255
255
255
255
255
255
255
255
255
255
255
255
255
255
255
255
255
255
255
255
255
255
233
233
233
234
235
235
235
239
244
244
244
244
244
244
244
246
247
248
249
251
252
254
254
255
255
255
254
253
253
254
254
255
255
255
255
255
255
255
255
255
255
255
255
255
255
255
255
255
255
255
255
255
255
255
255
255
255
255
255
255
255
255
255
255
255
255
255
255
255
255
255
255
255
255
255
255
255
255
255
255
255
255
255
255
255
255
255
255
255
255
255
255
255
255
255
255
255
255
255
255
255
255
255
255
255
255
255
255
255
255
255
255
255
255
255
255
255
255
255
255
255
255
255
255
255
255
255
255
255
255
255
255
255
255
255
255
255
255
255
255
255
255
255
255
255
255
255
255
255
255
255
255
255
255
255
255
255
255
255
255
255
255
255
255
255
255
255
255
255
255
255
255
255
255
255
255
255
255
255
255
255
255
255
255
255
255
255
255
255
255
255
255
255
255
255
255
255
255
255
255
255
255
255
255
255
255
255
255
255
255
255
255
255
255
255
255
255
255
255
255
255
255
255
255
230
230
230
231
232
232
232
231
230
230
230
230
230
230
230
233
235
238
242
247
252
254
254
255
255
255
254
254
254
254
255
255
255
255
255
255
255
255
255
255
255
255
255
255
255
255
255
255
255
255
255
255
255
255
255
255
255
255
255
255
255
255
255
255
255
255
255
255
255
255
255
255
255
255
255
255
255
255
255
255
255
255
255
255
255
255
255
255
255
255
255
255
255
255
255
255
255
255
255
255
255
255
255
255
255
255
255
255
255
255
255
255
255
255
255
255
255
255
255
255
255
255
255
255
255
255
255
255
255
255
255
255
255
255
255
255
255
255
255
255
255
255
255
255
255
255
255
255
255
255
255
255
255
255
255
255
255
255
255
255
255
255
255
255
255
255
255
255
255
255
255
255
255
255
255
255
255
255
255
255
255
255
255
255
255
255
255
255
255
255
255
255
255
255
255
255
255
255
255
255
255
255
255
255
255
255
255
255
255
255
255
255
255
255
255
255
255
255
255
255
255
255
255
255
229
229
229
229
229
230
231
230
228
228
228
228
228
228
227
227
228
231
237
242
248
251
253
254
254
255
255
255
255
255
255
255
255
255
255
255
255
255
255
255
255
255
255
255
255
255
255
255
255
255
255
255
255
255
255
255
255
255
255
255
255
255
255
255
255
255
255
255
255
255
255
255
255
255
255
255
255
255
255
255
255
255
255
255
255
255
255
255
255
255
255
255
255
255
255
255
255
255
255
255
255
255
255
255
255
255
255
255
255
255
255
255
255
255
255
255
255
255
255
255
255
255
255
255
255
255
255
255
255
255
255
255
255
255
255
255
255
255
255
255
255
255
255
255
255
255
255
255
255
255
255
255
255
255
255
255
255
255
255
255
255
255
255
255
255
255
255
255
255
255
255
255
255
255
255
255
255
255
255
255
255
255
255
255
255
255
255
255
255
255
255
255
255
255
255
255
255
255
255
255
255
255
255
255
255
255
255
255
255
255
255
255
255
255
255
255
255
255
255
255
255
255
255
255
225
226
226
226
227
227
227
228
228
227
227
228
227
228
228
228
229
231
233
235
238
240
242
250
252
254
255
255
255
254
255
255
255
255
255
255
255
255
255
255
255
255
255
255
255
255
255
255
255
255
255
255
255
255
255
255
255
255
255
255
255
255
255
255
255
255
255
255
255
255
255
255
255
255
255
255
255
255
255
255
255
255
255
255
255
255
255
255
255
255
255
255
255
255
255
255
255
255
255
255
255
255
255
255
255
255
255
255
255
255
255
255
255
255
255
255
255
255
255
255
255
255
255
255
255
255
255
255
255
255
255
255
255
255
255
255
255
255
255
255
255
255
255
255
255
255
255
255
255
255
255
255
255
255
255
255
255
255
255
255
255
255
255
255
255
255
255
255
255
255
255
255
255
255
255
255
255
255
255
255
255
255
255
255
255
255
255
255
255
255
255
255
255
255
255
255
255
255
255
255
255
255
255
255
255
255
255
255
255
255
255
255
255
255
255
255
255
255
255
255
255
255
255
255
227
228
227
228
228
228
229
228
225
225
225
225
225
225
226
227
229
229
230
230
232
232
234
243
246
250
253
255
255
254
255
255
255
255
255
255
255
255
255
255
255
255
255
255
255
255
255
255
255
255
255
255
255
255
255
255
255
255
255
255
255
255
255
255
255
255
255
255
255
255
255
255
255
255
255
255
255
255
255
255
255
255
255
255
255
255
255
255
255
255
255
255
255
255
255
255
255
255
255
255
255
255
255
255
255
255
255
255
255
255
255
255
255
255
255
255
255
255
255
255
255
255
255
255
255
255
255
255
255
255
255
255
255
255
255
255
255
255
255
255
255
255
255
255
255
255
255
255
255
255
255
255
255
255
255
255
255
255
255
255
255
255
255
255
255
255
255
255
255
255
255
255
255
255
255
255
255
255
255
255
255
255
255
255
255
255
255
255
255
255
255
255
255
255
255
255
255
255
255
255
255
255
255
255
255
255
255
255
255
255
255
255
255
255
255
255
255
255
255
255
255
255
255
255
226
225
226
226
226
227
227
227
225
225
225
225
225
226
226
224
223
225
226
229
230
231
233
236
241
247
252
254
255
254
255
255
255
255
255
255
255
255
255
255
255
255
255
255
255
255
255
255
255
255
255
255
255
255
255
255
255
255
255
255
255
255
255
255
255
255
255
255
255
255
255
255
255
255
255
255
255
255
255
255
255
255
255
255
255
255
255
255
255
255
255
255
255
255
255
255
255
255
255
255
255
255
255
255
255
255
255
255
255
255
255
255
255
255
255
255
255
255
255
255
255
255
255
255
255
255
255
255
255
255
255
255
255
255
255
255
255
255
255
255
255
255
255
255
255
255
255
255
255
255
255
255
255
255
255
255
255
255
255
255
255
255
255
255
255
255
255
255
255
255
255
255
255
255
255
255
255
255
255
255
255
255
255
255
255
255
255
255
255
255
255
255
255
255
255
255
255
255
255
255
255
255
255
255
255
255
255
255
255
255
255
255
255
255
255
255
255
255
255
255
255
255
255
255
226
226
226
226
226
226
226
226
226
226
226
226
225
225
225
223
222
223
225
226
227
228
229
226
230
237
247
254
254
254
252
251
252
254
255
255
255
253
255
255
255
255
255
255
255
255
255
255
255
255
255
255
255
255
255
255
255
255
255
255
255
255
255
255
255
255
255
255
255
255
255
255
255
255
255
255
255
255
255
255
255
255
255
255
255
255
255
255
255
255
255
255
255
255
255
255
255
255
255
255
255
255
255
255
255
255
255
255
255
255
255
255
255
255
255
255
255
255
255
255
255
255
255
255
255
255
255
255
255
255
255
255
255
255
255
255
255
255
255
255
255
255
255
255
255
255
255
255
255
255
255
255
255
255
255
255
255
255
255
255
255
255
255
255
255
255
255
255
255
255
255
255
255
255
255
255
255
255
255
255
255
255
255
255
255
255
255
255
255
255
255
255
255
255
255
255
255
255
255
255
255
255
255
255
255
255
255
255
255
255
255
255
255
255
255
255
255
255
255
255
255
255
255
255
228
228
228
228
228
227
226
226
226
226
226
226
225
225
224
223
222
223
224
224
225
225
226
224
225
229
239
247
252
253
252
251
252
254
255
255
255
253
255
255
255
255
255
255
255
255
255
255
255
255
255
255
255
255
255
255
255
255
255
255
255
255
255
255
255
255
255
255
255
255
255
255
255
255
255
255
255
255
255
255
255
255
255
255
255
255
255
255
255
255
255
255
255
255
255
255
255
255
255
255
255
255
255
255
255
255
255
255
255
255
255
255
255
255
255
255
255
255
255
255
255
255
255
255
255
255
255
255
255
255
255
255
255
255
255
255
255
255
255
255
255
255
255
255
255
255
255
255
255
255
255
255
255
255
255
255
255
255
255
255
255
255
255
255
255
255
255
255
255
255
255
255
255
255
255
255
255
255
255
255
255
255
255
255
255
255
255
255
255
255
255
255
255
255
255
255
255
255
255
255
255
255
255
255
255
255
255
255
255
255
255
255
255
255
255
255
255
255
255
255
255
255
255
255
229
229
228
228
227
227
227
227
226
226
226
226
225
225
224
223
222
222
223
224
224
225
225
227
225
225
227
235
244
251
253
254
254
255
255
255
255
254
255
255
255
255
255
255
255
255
255
255
255
255
255
255
255
255
255
255
255
255
255
255
255
255
255
255
255
255
255
255
255
255
255
255
255
255
255
255
255
255
255
255
255
255
255
255
255
255
255
255
255
255
255
255
255
255
255
255
255
255
255
255
255
255
255
255
255
255
255
255
255
255
255
255
255
255
255
255
255
255
255
255
255
255
255
255
255
255
255
255
255
255
255
255
255
255
255
255
255
255
255
255
255
255
255
255
255
255
255
255
255
255
255
255
255
255
255
255
255
255
255
255
255
255
255
255
255
255
255
255
255
255
255
255
255
255
255
255
255
255
255
255
255
255
255
255
255
255
255
255
255
255
255
255
255
255
255
255
255
255
255
255
255
255
255
255
255
255
255
255
255
255
255
255
255
255
255
255
255
255
255
255
255
255
255
255
228
228
228
227
227
227
226
226
226
226
226
225
225
224
223
222
222
221
222
223
223
224
224
226
224
222
219
223
234
245
252
254
255
255
254
254
255
255
255
255
255
255
255
255
255
255
255
255
255
255
255
255
255
255
255
255
255
255
255
255
255
255
255
255
255
255
255
255
255
255
255
255
255
255
255
255
255
255
255
255
255
255
255
255
255
255
255
255
255
255
255
255
255
255
255
255
255
255
255
255
255
255
255
255
255
255
255
255
255
255
255
255
255
255
255
255
255
255
255
255
255
255
255
255
255
255
255
255
255
255
255
255
255
255
255
255
255
255
255
255
255
255
255
255
255
255
255
255
255
255
255
255
255
255
255
255
255
255
255
255
255
255
255
255
255
255
255
255
255
255
255
255
255
255
255
255
255
255
255
255
255
255
255
255
255
255
255
255
255
255
255
255
255
255
255
255
255
255
255
255
255
255
255
255
255
255
255
255
255
255
255
255
255
255
255
255
255
255
255
255
255
255
255
255
228
228
227
227
227
226
226
226
225
225
225
224
224
224
223
222
221
221
222
222
222
222
223
222
223
221
218
217
224
235
245
253
255
255
253
251
254
255
255
255
255
255
255
255
255
255
255
255
255
255
255
255
255
255
255
255
255
255
255
255
255
255
255
255
255
255
255
255
255
255
255
255
255
255
255
255
255
255
255
255
255
255
255
255
255
255
255
255
255
255
255
255
255
255
255
255
255
255
255
255
255
255
255
255
255
255
255
255
255
255
255
255
255
255
255
255
255
255
255
255
255
255
255
255
255
255
255
255
255
255
255
255
255
255
255
255
255
255
255
255
255
255
255
255
255
255
255
255
255
255
255
255
255
255
255
255
255
255
255
255
255
255
255
255
255
255
255
255
255
255
255
255
255
255
255
255
255
255
255
255
255
255
255
255
255
255
255
255
255
255
255
255
255
255
255
255
255
255
255
255
255
255
255
255
255
255
255
255
255
255
255
255
255
255
255
255
255
255
255
255
255
255
255
255
227
227
227
227
226
226
225
225
225
225
224
224
223
223
223
221
221
221
222
221
222
222
222
219
222
222
219
216
218
223
235
249
254
255
253
250
253
255
255
255
255
255
255
255
255
255
255
255
255
255
255
255
255
255
255
255
255
255
255
255
255
255
255
255
255
255
255
255
255
255
255
255
255
255
255
255
255
255
255
255
255
255
255
255
255
255
255
255
255
255
255
255
255
255
255
255
255
255
255
255
255
255
255
255
255
255
255
255
255
255
255
255
255
255
255
255
255
255
255
255
255
255
255
255
255
255
255
255
255
255
255
255
255
255
255
255
255
255
255
255
255
255
255
255
255
255
255
255
255
255
255
255
255
255
255
255
255
255
255
255
255
255
255
255
255
255
255
255
255
255
255
255
255
255
255
255
255
255
255
255
255
255
255
255
255
255
255
255
255
255
255
255
255
255
255
255
255
255
255
255
255
255
255
255
255
255
255
255
255
255
255
255
255
255
255
255
255
255
255
255
255
255
255
255
227
227
227
226
226
225
225
225
225
224
223
223
222
222
222
220
220
221
220
221
221
220
220
220
221
220
219
217
215
215
224
240
251
255
253
250
252
254
255
255
255
255
255
255
255
255
255
255
255
255
255
255
255
255
255
255
255
255
255
255
255
255
255
255
255
255
255
255
255
255
255
255
255
255
255
255
255
255
255
255
255
255
255
255
255
255
255
255
255
255
255
255
255
255
255
255
255
255
255
255
255
255
255
255
255
255
255
255
255
255
255
255
255
255
255
255
255
255
255
255
255
255
255
255
255
255
255
255
255
255
255
255
255
255
255
255
255
255
255
255
255
255
255
255
255
255
255
255
255
255
255
255
255
255
255
255
255
255
255
255
255
255
255
255
255
255
255
255
255
255
255
255
255
255
255
255
255
255
255
255
255
255
255
255
255
255
255
255
255
255
255
255
255
255
255
255
255
255
255
255
255
255
255
255
255
255
255
255
255
255
255
255
255
255
255
255
255
255
255
255
255
255
255
255
226
226
226
225
226
225
225
224
224
223
223
223
222
222
222
220
219
219
220
221
220
220
220
224
222
218
216
216
214
212
216
231
247
254
254
250
250
254
255
255
255
255
255
255
255
255
255
255
255
255
255
255
255
255
255
255
255
255
255
255
255
255
255
255
255
255
255
255
255
255
255
255
255
255
255
255
255
255
255
255
255
255
255
255
255
255
255
255
255
255
255
255
255
255
255
255
255
255
255
255
255
255
255
255
255
255
255
255
255
255
255
255
255
255
255
255
255
255
255
255
255
255
255
255
255
255
255
255
255
255
255
255
255
255
255
255
255
255
255
255
255
255
255
255
255
255
255
255
255
255
255
255
255
255
255
255
255
255
255
255
255
255
255
255
255
255
255
255
255
255
255
255
255
255
255
255
255
255
255
255
255
255
255
255
255
255
255
255
255
255
255
255
255
255
255
255
255
255
255
255
255
255
255
255
255
255
255
255
255
255
255
255
255
255
255
255
255
255
255
255
255
255
255
255
225
225
225
225
225
224
224
223
223
223
222
222
221
221
222
219
219
219
220
220
221
220
221
226
221
216
214
215
214
211
209
221
243
252
254
251
251
253
254
254
255
255
254
255
254
255
255
255
255
255
255
255
255
255
255
255
255
255
255
255
255
255
255
255
255
255
255
255
255
255
255
255
255
255
255
255
255
255
255
255
255
255
255
255
255
255
255
255
255
255
255
255
255
255
255
255
255
255
255
255
255
255
255
255
255
255
255
255
255
255
255
255
255
255
255
255
255
255
255
255
255
255
255
255
255
255
255
255
255
255
255
255
255
255
255
255
255
255
255
255
255
255
255
255
255
255
255
255
255
255
255
255
255
255
255
255
255
255
255
255
255
255
255
255
255
255
255
255
255
255
255
255
255
255
255
255
255
255
255
255
255
255
255
255
255
255
255
255
255
255
255
255
255
255
255
255
255
255
255
255
255
255
255
255
255
255
255
255
255
255
255
255
255
255
255
255
255
255
255
255
255
255
255
255
224
224
224
223
222
222
222
221
222
221
221
221
221
221
221
219
219
220
220
220
221
221
221
219
217
216
214
213
211
211
202
208
234
248
252
254
255
252
254
254
255
255
254
254
253
254
255
255
255
255
255
255
255
255
255
255
255
255
255
255
255
255
255
255
255
255
255
255
255
255
255
255
255
255
255
255
255
255
255
255
255
255
255
255
255
255
255
255
255
255
255
255
255
255
255
255
255
255
255
255
255
255
255
255
255
255
255
255
255
255
255
255
255
255
255
255
255
255
255
255
255
255
255
255
255
255
255
255
255
255
255
255
255
255
255
255
255
255
255
255
255
255
255
255
255
255
255
255
255
255
255
255
255
255
255
255
255
255
255
255
255
255
255
255
255
255
255
255
255
255
255
255
255
255
255
255
255
255
255
255
255
255
255
255
255
255
255
255
255
255
255
255
255
255
255
255
255
255
255
255
255
255
255
255
255
255
255
255
255
255
255
255
255
255
255
255
255
255
255
255
255
255
255
255
223
223
222
222
221
221
220
221
221
220
220
220
220
220
220
219
219
220
220
220
221
221
221
219
218
217
215
213
212
211
207
209
223
240
251
253
254
254
254
254
255
255
254
254
253
254
255
255
255
255
255
255
255
255
255
255
255
255
255
255
255
255
255
255
255
255
255
255
255
255
255
255
255
255
255
255
255
255
255
255
255
255
255
255
255
255
255
255
255
255
255
255
255
255
255
255
255
255
255
255
255
255
255
255
255
255
255
255
255
255
255
255
255
255
255
255
255
255
255
255
255
255
255
255
255
255
255
255
255
255
255
255
255
255
255
255
255
255
255
255
255
255
255
255
255
255
255
255
255
255
255
255
255
255
255
255
255
255
255
255
255
255
255
255
255
255
255
255
255
255
255
255
255
255
255
255
255
255
255
255
255
255
255
255
255
255
255
255
255
255
255
255
255
255
255
255
255
255
255
255
255
255
255
255
255
255
255
255
255
255
255
255
255
255
255
255
255
255
255
255
255
255
255
255
221
221
221
221
219
219
218
219
219
219
220
219
219
219
219
219
219
220
220
220
221
221
221
220
219
218
216
214
213
212
213
211
212
228
245
251
253
254
254
254
255
255
255
254
254
254
255
255
255
255
255
255
255
255
255
255
255
255
255
255
255
255
255
255
255
255
255
255
255
255
255
255
255
255
255
255
255
255
255
255
255
255
255
255
255
255
255
255
255
255
255
255
255
255
255
255
255
255
255
255
255
255
255
255
255
255
255
255
255
255
255
255
255
255
255
255
255
255
255
255
255
255
255
255
255
255
255
255
255
255
255
255
255
255
255
255
255
255
255
255
255
255
255
255
255
255
255
255
255
255
255
255
255
255
255
255
255
255
255
255
255
255
255
255
255
255
255
255
255
255
255
255
255
255
255
255
255
255
255
255
255
255
255
255
255
255
255
255
255
255
255
255
255
255
255
255
255
255
255
255
255
255
255
255
255
255
255
255
255
255
255
255
255
255
255
255
255
255
255
255
255
255
255
255
219
219
219
218
218
217
217
217
218
218
217
217
218
218
218
218
219
220
220
220
221
221
221
221
220
218
217
215
214
213
216
214
207
215
235
248
253
255
255
254
255
255
255
255
254
255
255
255
255
255
255
255
255
255
255
255
255
255
255
255
255
255
255
255
255
255
255
255
255
255
255
255
255
255
255
255
255
255
255
255
255
255
255
255
255
255
255
255
255
255
255
255
255
255
255
255
255
255
255
255
255
255
255
255
255
255
255
255
255
255
255
255
255
255
255
255
255
255
255
255
255
255
255
255
255
255
255
255
255
255
255
255
255
255
255
255
255
255
255
255
255
255
255
255
255
255
255
255
255
255
255
255
255
255
255
255
255
255
255
255
255
255
255
255
255
255
255
255
255
255
255
255
255
255
255
255
255
255
255
255
255
255
255
255
255
255
255
255
255
255
255
255
255
255
255
255
255
255
255
255
255
255
255
255
255
255
255
255
255
255
255
255
255
255
255
255
255
255
255
255
255
255
255
255
217
217
216
215
215
215
215
215
216
216
216
216
215
215
216
218
219
220
220
220
221
221
221
222
221
219
218
216
214
213
216
216
208
207
221
243
252
254
255
255
254
255
254
255
254
255
255
255
255
255
255
255
255
255
255
255
255
255
255
255
255
255
255
255
255
255
255
255
255
255
255
255
255
255
255
255
255
255
255
255
255
255
255
255
255
255
255
255
255
255
255
255
255
255
255
255
255
255
255
255
255
255
255
255
255
255
255
255
255
255
255
255
255
255
255
255
255
255
255
255
255
255
255
255
255
255
255
255
255
255
255
255
255
255
255
255
255
255
255
255
255
255
255
255
255
255
255
255
255
255
255
255
255
255
255
255
255
255
255
255
255
255
255
255
255
255
255
255
255
255
255
255
255
255
255
255
255
255
255
255
255
255
255
255
255
255
255
255
255
255
255
255
255
255
255
255
255
255
255
255
255
255
255
255
255
255
255
255
255
255
255
255
255
255
255
255
255
255
255
255
255
255
255
255
214
214
214
214
213
213
213
213
214
214
214
214
214
214
214
218
219
220
220
220
221
221
221
222
222
220
218
217
215
214
215
216
212
205
211
234
249
252
254
255
255
254
254
254
254
254
255
255
255
255
255
255
255
255
255
255
255
255
255
255
255
255
255
255
255
255
255
255
255
255
255
255
255
255
255
255
255
255
255
255
255
255
255
255
255
255
255
255
255
255
255
255
255
255
255
255
255
255
255
255
255
255
255
255
255
255
255
255
255
255
255
255
255
255
255
255
255
255
255
255
255
255
255
255
255
255
255
255
255
255
255
255
255
255
255
255
255
255
255
255
255
255
255
255
255
255
255
255
255
255
255
255
255
255
255
255
255
255
255
255
255
255
255
255
255
255
255
255
255
255
255
255
255
255
255
255
255
255
255
255
255
255
255
255
255
255
255
255
255
255
255
255
255
255
255
255
255
255
255
255
255
255
255
255
255
255
255
255
255
255
255
255
255
255
255
255
255
255
255
255
255
255
255
255
213
213
212
212
212
211
211
212
213
213
213
213
213
213
213
218
219
220
220
220
221
221
221
222
222
221
219
217
216
215
216
217
214
208
208
220
239
251
254
255
254
254
254
254
254
254
255
255
255
255
255
255
255
255
255
255
255
255
255
255
255
255
255
255
255
255
255
255
255
255
255
255
255
255
255
255
255
255
255
255
255
255
255
255
255
255
255
255
255
255
255
255
255
255
255
255
255
255
255
255
255
255
255
255
255
255
255
255
255
255
255
255
255
255
255
255
255
255
255
255
255
255
255
255
255
255
255
255
255
255
255
255
255
255
255
255
255
255
255
255
255
255
255
255
255
255
255
255
255
255
255
255
255
255
255
255
255
255
255
255
255
255
255
255
255
255
255
255
255
255
255
255
255
255
255
255
255
255
255
255
255
255
255
255
255
255
255
255
255
255
255
255
255
255
255
255
255
255
255
255
255
255
255
255
255
255
255
255
255
255
255
255
255
255
255
255
255
255
255
255
255
255
255
255
212
212
211
211
210
210
210
211
212
212
212
212
212
212
212
217
219
220
220
220
221
221
221
222
222
221
219
218
216
215
217
217
214
213
209
211
230
249
253
254
255
254
254
254
253
254
255
255
255
255
255
255
255
255
255
255
255
255
255
255
255
255
255
255
255
255
255
255
255
255
255
255
255
255
255
255
255
255
255
255
255
255
255
255
255
255
255
255
255
255
255
255
255
255
255
255
255
255
255
255
255
255
255
255
255
255
255
255
255
255
255
255
255
255
255
255
255
255
255
255
255
255
255
255
255
255
255
255
255
255
255
255
255
255
255
255
255
255
255
255
255
255
255
255
255
255
255
255
255
255
255
255
255
255
255
255
255
255
255
255
255
255
255
255
255
255
255
255
255
255
255
255
255
255
255
255
255
255
255
255
255
255
255
255
255
255
255
255
255
255
255
255
255
255
255
255
255
255
255
255
255
255
255
255
255
255
255
255
255
255
255
255
255
255
255
255
255
255
255
255
255
255
255
255
207
206
206
205
204
203
202
203
204
206
207
209
211
211
214
214
215
216
218
221
223
223
224
224
223
222
221
219
217
216
214
216
224
223
212
208
219
237
251
254
252
252
254
254
253
252
255
255
255
255
255
255
255
255
255
255
255
255
255
255
255
255
255
255
255
255
255
255
255
255
255
255
255
255
255
255
255
255
255
255
255
255
255
255
255
255
255
255
255
255
255
255
255
255
255
255
255
255
255
255
255
255
255
255
255
255
255
255
255
255
255
255
255
255
255
255
255
255
255
255
255
255
255
255
255
255
255
255
255
255
255
255
255
255
255
255
255
255
255
255
255
255
255
255
255
255
255
255
255
255
255
255
255
255
255
255
255
255
255
255
255
255
255
255
255
255
255
255
255
255
255
255
255
255
255
255
255
255
255
255
255
255
255
255
255
255
255
255
255
255
255
255
255
255
255
255
255
255
255
255
255
255
255
255
255
255
255
255
255
255
255
255
255
255
255
255
255
255
255
255
255
255
255
255
203
203
202
201
201
200
200
200
203
203
205
207
209
211
212
214
216
217
219
222
223
224
225
225
224
223
222
220
219
218
215
217
225
223
215
209
218
232
250
253
253
253
254
254
253
251
255
255
255
255
255
255
255
255
255
255
255
255
255
255
255
255
255
255
255
255
255
255
255
255
255
255
255
255
255
255
255
255
255
255
255
255
255
255
255
255
255
255
255
255
255
255
255
255
255
255
255
255
255
255
255
255
255
255
255
255
255
255
255
255
255
255
255
255
255
255
255
255
255
255
255
255
255
255
255
255
255
255
255
255
255
255
255
255
255
255
255
255
255
255
255
255
255
255
255
255
255
255
255
255
255
255
255
255
255
255
255
255
255
255
255
255
255
255
255
255
255
255
255
255
255
255
255
255
255
255
255
255
255
255
255
255
255
255
255
255
255
255
255
255
255
255
255
255
255
255
255
255
255
255
255
255
255
255
255
255
255
255
255
255
255
255
255
255
255
255
255
255
255
255
255
255
255
255
199
199
199
199
199
198
197
198
200
201
203
205
207
209
210
216
218
219
221
222
224
224
225
225
224
223
223
222
221
221
219
219
223
222
216
214
219
227
240
249
253
253
253
254
253
250
255
255
255
255
255
255
255
255
255
255
255
255
255
255
255
255
255
255
255
255
255
255
255
255
255
255
255
255
255
255
255
255
255
255
255
255
255
255
255
255
255
255
255
255
255
255
255
255
255
255
255
255
255
255
255
255
255
255
255
255
255
255
255
255
255
255
255
255
255
255
255
255
255
255
255
255
255
255
255
255
255
255
255
255
255
255
255
255
255
255
255
255
255
255
255
255
255
255
255
255
255
255
255
255
255
255
255
255
255
255
255
255
255
255
255
255
255
255
255
255
255
255
255
255
255
255
255
255
255
255
255
255
255
255
255
255
255
255
255
255
255
255
255
255
255
255
255
255
255
255
255
255
255
255
255
255
255
255
255
255
255
255
255
255
255
255
255
255
255
255
255
255
255
255
255
255
255
255
195
195
196
196
196
197
196
197
199
200
203
204
206
208
209
217
220
220
221
223
223
224
224
225
225
224
223
223
223
223
221
221
222
221
219
218
220
221
227
243
252
253
252
254
253
249
255
255
255
255
255
255
255
255
255
255
255
255
255
255
255
255
255
255
255
255
255
255
255
255
255
255
255
255
255
255
255
255
255
255
255
255
255
255
255
255
255
255
255
255
255
255
255
255
255
255
255
255
255
255
255
255
255
255
255
255
255
255
255
255
255
255
255
255
255
255
255
255
255
255
255
255
255
255
255
255
255
255
255
255
255
255
255
255
255
255
255
255
255
255
255
255
255
255
255
255
255
255
255
255
255
255
255
255
255
255
255
255
255
255
255
255
255
255
255
255
255
255
255
255
255
255
255
255
255
255
255
255
255
255
255
255
255
255
255
255
255
255
255
255
255
255
255
255
255
255
255
255
255
255
255
255
255
255
255
255
255
255
255
255
255
255
255
255
255
255
255
255
255
255
255
255
255
255
192
193
194
194
195
196
197
197
199
200
202
204
206
208
209
217
220
221
221
222
223
222
223
223
223
223
223
223
223
223
223
222
221
221
221
220
219
217
217
235
249
251
253
254
253
251
255
255
255
255
255
255
255
255
255
255
255
255
255
255
255
255
255
255
255
255
255
255
255
255
255
255
255
255
255
255
255
255
255
255
255
255
255
255
255
255
255
255
255
255
255
255
255
255
255
255
255
255
255
255
255
255
255
255
255
255
255
255
255
255
255
255
255
255
255
255
255
255
255
255
255
255
255
255
255
255
255
255
255
255
255
255
255
255
255
255
255
255
255
255
255
255
255
255
255
255
255
255
255
255
255
255
255
255
255
255
255
255
255
255
255
255
255
255
255
255
255
255
255
255
255
255
255
255
255
255
255
255
255
255
255
255
255
255
255
255
255
255
255
255
255
255
255
255
255
255
255
255
255
255
255
255
255
255
255
255
255
255
255
255
255
255
255
255
255
255
255
255
255
255
255
255
255
255
190
191
193
194
196
197
198
199
201
202
203
205
207
209
210
217
219
220
219
219
219
219
220
220
220
221
222
223
223
223
223
222
222
222
222
221
217
214
213
225
240
250
253
254
253
253
255
255
255
255
255
255
255
255
255
255
255
255
255
255
255
255
255
255
255
255
255
255
255
255
255
255
255
255
255
255
255
255
255
255
255
255
255
255
255
255
255
255
255
255
255
255
255
255
255
255
255
255
255
255
255
255
255
255
255
255
255
255
255
255
255
255
255
255
255
255
255
255
255
255
255
255
255
255
255
255
255
255
255
255
255
255
255
255
255
255
255
255
255
255
255
255
255
255
255
255
255
255
255
255
255
255
255
255
255
255
255
255
255
255
255
255
255
255
255
255
255
255
255
255
255
255
255
255
255
255
255
255
255
255
255
255
255
255
255
255
255
255
255
255
255
255
255
255
255
255
255
255
255
255
255
255
255
255
255
255
255
255
255
255
255
255
255
255
255
255
255
255
255
255
255
255
255
255
191
191
194
195
198
200
201
202
203
204
206
208
210
212
212
216
217
217
216
216
215
215
215
216
217
218
219
220
221
222
223
223
224
224
222
220
215
212
215
216
229
248
252
253
253
254
254
255
255
255
255
255
255
255
255
255
255
255
255
255
255
255
255
255
255
255
255
255
255
255
255
255
255
255
255
255
255
255
255
255
255
255
255
255
255
255
255
255
255
255
255
255
255
255
255
255
255
255
255
255
255
255
255
255
255
255
255
255
255
255
255
255
255
255
255
255
255
255
255
255
255
255
255
255
255
255
255
255
255
255
255
255
255
255
255
255
255
255
255
255
255
255
255
255
255
255
255
255
255
255
255
255
255
255
255
255
255
255
255
255
255
255
255
255
255
255
255
255
255
255
255
255
255
255
255
255
255
255
255
255
255
255
255
255
255
255
255
255
255
255
255
255
255
255
255
255
255
255
255
255
255
255
255
255
255
255
255
255
255
255
255
255
255
255
255
255
255
255
255
255
255
255
255
255
192
193
194
197
200
201
203
204
205
206
208
210
213
214
214
216
216
215
214
213
213
211
211
212
214
215
216
218
220
221
221
223
225
225
223
217
214
212
216
209
219
245
252
251
252
254
255
255
255
255
255
255
255
254
254
254
254
254
255
254
255
255
255
255
255
255
255
255
255
255
255
255
255
255
255
255
255
255
255
255
255
255
255
255
255
255
255
255
255
255
255
255
255
255
255
255
255
255
255
255
255
255
255
255
255
255
255
255
255
255
255
255
255
255
255
255
255
255
255
255
255
255
255
255
255
255
255
255
255
255
255
255
255
255
255
255
255
255
255
255
255
255
255
255
255
255
255
255
255
255
255
255
255
255
255
255
255
255
255
255
255
255
255
255
255
255
255
255
255
255
255
255
255
255
255
255
255
255
255
255
255
255
255
255
255
255
255
255
255
255
255
255
255
255
255
255
255
255
255
255
255
255
255
255
255
255
255
255
255
255
255
255
255
255
255
255
255
255
255
255
255
255
255
255
195
196
197
199
200
202
203
205
208
209
209
211
212
213
213
213
213
213
212
212
211
211
211
212
213
215
216
217
218
219
220
221
223
222
220
217
215
214
217
208
211
233
248
251
252
254
255
254
254
255
255
254
252
253
254
254
254
254
254
254
254
255
255
255
255
255
255
255
255
255
255
255
255
255
255
255
255
255
255
255
255
255
255
255
255
255
255
255
255
255
255
255
255
255
255
255
255
255
255
255
255
255
255
255
255
255
255
255
255
255
255
255
255
255
255
255
255
255
255
255
255
255
255
255
255
255
255
255
255
255
255
255
255
255
255
255
255
255
255
255
255
255
255
255
255
255
255
255
255
255
255
255
255
255
255
255
255
255
255
255
255
255
255
255
255
255
255
255
255
255
255
255
255
255
255
255
255
255
255
255
255
255
255
255
255
255
255
255
255
255
255
255
255
255
255
255
255
255
255
255
255
255
255
255
255
255
255
255
255
255
255
255
255
255
255
255
255
255
255
255
255
255
255
255
198
199
200
200
201
201
202
205
209
209
210
210
210
210
211
210
210
210
211
212
211
211
213
214
214
215
216
216
217
217
219
220
219
219
217
217
216
216
216
210
207
218
238
249
254
254
254
253
253
255
255
254
250
252
254
254
254
254
254
254
254
255
255
255
255
255
255
255
255
255
255
255
255
255
255
255
255
255
255
255
255
255
255
255
255
255
255
255
255
255
255
255
255
255
255
255
255
255
255
255
255
255
255
255
255
255
255
255
255
255
255
255
255
255
255
255
255
255
255
255
255
255
255
255
255
255
255
255
255
255
255
255
255
255
255
255
255
255
255
255
255
255
255
255
255
255
255
255
255
255
255
255
255
255
255
255
255
255
255
255
255
255
255
255
255
255
255
255
255
255
255
255
255
255
255
255
255
255
255
255
255
255
255
255
255
255
255
255
255
255
255
255
255
255
255
255
255
255
255
255
255
255
255
255
255
255
255
255
255
255
255
255
255
255
255
255
255
255
255
255
255
255
255
255
198
198
199
199
200
201
200
203
207
208
208
209
209
209
210
209
209
209
210
210
210
211
212
213
213
214
215
215
216
217
217
219
218
217
217
216
215
215
218
211
204
209
224
241
251
254
254
253
252
254
255
254
253
253
254
254
254
254
254
254
254
255
255
255
255
255
255
255
255
255
255
255
255
255
255
255
255
255
255
255
255
255
255
255
255
255
255
255
255
255
255
255
255
255
255
255
255
255
255
255
255
255
255
255
255
255
255
255
255
255
255
255
255
255
255
255
255
255
255
255
255
255
255
255
255
255
255
255
255
255
255
255
255
255
255
255
255
255
255
255
255
255
255
255
255
255
255
255
255
255
255
255
255
255
255
255
255
255
255
255
255
255
255
255
255
255
255
255
255
255
255
255
255
255
255
255
255
255
255
255
255
255
255
255
255
255
255
255
255
255
255
255
255
255
255
255
255
255
255
255
255
255
255
255
255
255
255
255
255
255
255
255
255
255
255
255
255
255
255
255
255
255
255
255
196
197
197
198
199
199
200
202
205
206
206
207
207
207
208
207
208
208
208
209
209
209
210
211
211
212
213
214
215
215
216
217
216
216
214
214
213
213
215
210
203
202
211
227
243
252
254
252
251
253
255
254
254
254
254
254
254
254
254
254
254
255
255
255
255
255
255
255
255
255
255
255
255
255
255
255
255
255
255
255
255
255
255
255
255
255
255
255
255
255
255
255
255
255
255
255
255
255
255
255
255
255
255
255
255
255
255
255
255
255
255
255
255
255
255
255
255
255
255
255
255
255
255
255
255
255
255
255
255
255
255
255
255
255
255
255
255
255
255
255
255
255
255
255
255
255
255
255
255
255
255
255
255
255
255
255
255
255
255
255
255
255
255
255
255
255
255
255
255
255
255
255
255
255
255
255
255
255
255
255
255
255
255
255
255
255
255
255
255
255
255
255
255
255
255
255
255
255
255
255
255
255
255
255
255
255
255
255
255
255
255
255
255
255
255
255
255
255
255
255
255
255
255
255
194
195
195
196
197
198
198
200
203
203
203
204
204
204
205
206
206
206
207
207
207
208
208
209
209
210
212
212
212
213
214
215
214
213
212
211
211
211
207
206
205
202
204
216
232
244
254
254
254
254
255
255
254
254
255
254
255
254
255
255
255
255
255
255
255
255
255
255
255
255
255
255
255
255
255
255
255
255
255
255
255
255
255
255
255
255
255
255
255
255
255
255
255
255
255
255
255
255
255
255
255
255
255
255
255
255
255
255
255
255
255
255
255
255
255
255
255
255
255
255
255
255
255
255
255
255
255
255
255
255
255
255
255
255
255
255
255
255
255
255
255
255
255
255
255
255
255
255
255
255
255
255
255
255
255
255
255
255
255
255
255
255
255
255
255
255
255
255
255
255
255
255
255
255
255
255
255
255
255
255
255
255
255
255
255
255
255
255
255
255
255
255
255
255
255
255
255
255
255
255
255
255
255
255
255
255
255
255
255
255
255
255
255
255
255
255
255
255
255
255
255
255
255
255
193
194
194
195
196
197
198
199
200
200
201
201
202
202
202
204
204
204
205
205
205
206
206
208
208
208
209
210
211
212
212
212
212
211
210
209
208
208
200
203
207
205
204
208
219
232
252
254
255
255
255
255
255
255
255
255
255
255
254
254
254
255
255
255
255
255
255
255
255
255
255
255
255
255
255
255
255
255
255
255
255
255
255
255
255
255
255
255
255
255
255
255
255
255
255
255
255
255
255
255
255
255
255
255
255
255
255
255
255
255
255
255
255
255
255
255
255
255
255
255
255
255
255
255
255
255
255
255
255
255
255
255
255
255
255
255
255
255
255
255
255
255
255
255
255
255
255
255
255
255
255
255
255
255
255
255
255
255
255
255
255
255
255
255
255
255
255
255
255
255
255
255
255
255
255
255
255
255
255
255
255
255
255
255
255
255
255
255
255
255
255
255
255
255
255
255
255
255
255
255
255
255
255
255
255
255
255
255
255
255
255
255
255
255
255
255
255
255
255
255
255
255
255
255
192
193
193
194
195
196
196
197
198
198
198
198
199
199
199
202
202
202
203
203
205
205
205
206
207
207
208
209
209
210
210
210
210
209
209
208
207
206
198
202
207
207
204
205
210
220
242
249
254
254
254
255
255
255
255
254
254
254
254
254
254
255
255
255
255
255
255
255
255
255
255
255
255
255
255
255
255
255
255
255
255
255
255
255
255
255
255
255
255
255
255
255
255
255
255
255
255
255
255
255
255
255
255
255
255
255
255
255
255
255
255
255
255
255
255
255
255
255
255
255
255
255
255
255
255
255
255
255
255
255
255
255
255
255
255
255
255
255
255
255
255
255
255
255
255
255
255
255
255
255
255
255
255
255
255
255
255
255
255
255
255
255
255
255
255
255
255
255
255
255
255
255
255
255
255
255
255
255
255
255
255
255
255
255
255
255
255
255
255
255
255
255
255
255
255
255
255
255
255
255
255
255
255
255
255
255
255
255
255
255
255
255
255
255
255
255
255
255
255
255
255
255
255
255
191
192
192
193
194
195
195
196
196
196
197
197
197
198
198
201
202
202
202
203
202
204
204
205
205
206
207
208
208
209
209
209
208
207
207
206
205
205
201
204
206
205
203
203
206
211
224
237
250
253
253
254
255
255
254
254
254
254
254
254
254
255
255
255
255
255
255
255
255
255
255
255
255
255
255
255
255
255
255
255
255
255
255
255
255
255
255
255
255
255
255
255
255
255
255
255
255
255
255
255
255
255
255
255
255
255
255
255
255
255
255
255
255
255
255
255
255
255
255
255
255
255
255
255
255
255
255
255
255
255
255
255
255
255
255
255
255
255
255
255
255
255
255
255
255
255
255
255
255
255
255
255
255
255
255
255
255
255
255
255
255
255
255
255
255
255
255
255
255
255
255
255
255
255
255
255
255
255
255
255
255
255
255
255
255
255
255
255
255
255
255
255
255
255
255
255
255
255
255
255
255
255
255
255
255
255
255
255
255
255
255
255
255
255
255
255
255
255
255
255
255
255
255
255
190
190
191
192
192
193
194
194
194
195
195
195
196
196
196
199
200
200
200
201
201
202
202
204
204
204
205
206
207
207
207
206
206
206
205
205
205
204
205
205
204
202
202
203
206
208
208
223
241
251
253
253
255
255
254
254
254
254
254
254
254
255
255
255
255
255
255
255
255
255
255
255
255
255
255
255
255
255
255
255
255
255
255
255
255
255
255
255
255
255
255
255
255
255
255
255
255
255
255
255
255
255
255
255
255
255
255
255
255
255
255
255
255
255
255
255
255
255
255
255
255
255
255
255
255
255
255
255
255
255
255
255
255
255
255
255
255
255
255
255
255
255
255
255
255
255
255
255
255
255
255
255
255
255
255
255
255
255
255
255
255
255
255
255
255
255
255
255
255
255
255
255
255
255
255
255
255
255
255
255
255
255
255
255
255
255
255
255
255
255
255
255
255
255
255
255
255
255
255
255
255
255
255
255
255
255
255
255
255
255
255
255
255
255
255
255
255
255
255
255
255
255
255
255
189
189
188
188
187
187
187
188
189
190
190
190
191
191
191
191
192
192
193
194
194
196
196
200
200
201
202
201
203
204
201
198
199
200
201
203
204
204
203
204
204
205
207
208
208
207
200
202
223
246
251
251
253
254
254
254
253
253
253
254
254
255
255
255
255
255
255
255
255
255
255
255
255
255
255
255
255
255
255
255
255
255
255
255
255
255
255
255
255
255
255
255
255
255
255
255
255
255
255
255
255
255
255
255
255
255
255
255
255
255
255
255
255
255
255
255
255
255
255
255
255
255
255
255
255
255
255
255
255
255
255
255
255
255
255
255
255
255
255
255
255
255
255
255
255
255
255
255
255
255
255
255
255
255
255
255
255
255
255
255
255
255
255
255
255
255
255
255
255
255
255
255
255
255
255
255
255
255
255
255
255
255
255
255
255
255
255
255
255
255
255
255
255
255
255
255
255
255
255
255
255
255
255
255
255
255
255
255
255
255
255
255
255
255
255
255
255
255
255
255
255
255
255
255
189
189
188
188
188
186
187
187
188
189
189
189
189
190
190
188
188
189
189
190
191
192
192
198
198
199
200
201
201
202
200
198
199
200
202
203
203
205
199
200
201
202
203
204
205
204
200
204
217
235
248
253
254
254
254
254
253
253
253
254
254
255
255
255
255
255
255
255
255
255
255
255
255
255
255
255
255
255
255
255
255
255
255
255
255
255
255
255
255
255
255
255
255
255
255
255
255
255
255
255
255
255
255
255
255
255
255
255
255
255
255
255
255
255
255
255
255
255
255
255
255
255
255
255
255
255
255
255
255
255
255
255
255
255
255
255
255
255
255
255
255
255
255
255
255
255
255
255
255
255
255
255
255
255
255
255
255
255
255
255
255
255
255
255
255
255
255
255
255
255
255
255
255
255
255
255
255
255
255
255
255
255
255
255
255
255
255
255
255
255
255
255
255
255
255
255
255
255
255
255
255
255
255
255
255
255
255
255
255
255
255
255
255
255
255
255
255
255
255
255
255
255
255
255
189
188
188
187
187
187
187
187
186
185
186
186
186
188
188
185
184
185
185
186
187
187
189
195
195
196
197
198
198
199
198
198
199
200
201
202
204
205
197
197
198
199
200
201
202
201
200
206
209
221
242
252
250
252
254
254
254
254
254
254
254
255
255
255
255
255
255
255
255
255
255
255
255
255
255
255
255
255
255
255
255
255
255
255
255
255
255
255
255
255
255
255
255
255
255
255
255
255
255
255
255
255
255
255
255
255
255
255
255
255
255
255
255
255
255
255
255
255
255
255
255
255
255
255
255
255
255
255
255
255
255
255
255
255
255
255
255
255
255
255
255
255
255
255
255
255
255
255
255
255
255
255
255
255
255
255
255
255
255
255
255
255
255
255
255
255
255
255
255
255
255
255
255
255
255
255
255
255
255
255
255
255
255
255
255
255
255
255
255
255
255
255
255
255
255
255
255
255
255
255
255
255
255
255
255
255
255
255
255
255
255
255
255
255
255
255
255
255
255
255
255
255
255
255
187
187
186
186
186
185
185
184
183
183
183
184
184
185
185
183
183
184
184
185
186
187
187
191
191
192
193
194
194
195
196
197
197
199
200
202
203
203
197
197
198
199
200
202
202
201
199
206
205
211
233
249
250
251
253
253
254
254
254
254
255
255
255
255
255
255
255
255
255
255
255
255
255
255
255
255
255
255
255
255
255
255
255
255
255
255
255
255
255
255
255
255
255
255
255
255
255
255
255
255
255
255
255
255
255
255
255
255
255
255
255
255
255
255
255
255
255
255
255
255
255
255
255
255
255
255
255
255
255
255
255
255
255
255
255
255
255
255
255
255
255
255
255
255
255
255
255
255
255
255
255
255
255
255
255
255
255
255
255
255
255
255
255
255
255
255
255
255
255
255
255
255
255
255
255
255
255
255
255
255
255
255
255
255
255
255
255
255
255
255
255
255
255
255
255
255
255
255
255
255
255
255
255
255
255
255
255
255
255
255
255
255
255
255
255
255
255
255
255
255
255
255
255
255
183
183
182
182
182
181
181
180
179
180
180
181
181
181
181
183
184
185
186
186
187
188
188
187
187
188
189
190
191
191
193
194
195
196
197
199
199
200
199
199
201
202
203
204
205
203
198
204
206
207
218
235
248
252
253
253
254
254
254
255
255
255
255
255
255
255
255
255
255
255
255
255
255
255
255
255
255
255
255
255
255
255
255
255
255
255
255
255
255
255
255
255
255
255
255
255
255
255
255
255
255
255
255
255
255
255
255
255
255
255
255
255
255
255
255
255
255
255
255
255
255
255
255
255
255
255
255
255
255
255
255
255
255
255
255
255
255
255
255
255
255
255
255
255
255
255
255
255
255
255
255
255
255
255
255
255
255
255
255
255
255
255
255
255
255
255
255
255
255
255
255
255
255
255
255
255
255
255
255
255
255
255
255
255
255
255
255
255
255
255
255
255
255
255
255
255
255
255
255
255
255
255
255
255
255
255
255
255
255
255
255
255
255
255
255
255
255
255
255
255
255
255
255
255
178
178
178
177
177
177
177
176
176
177
177
177
178
178
178
182
183
184
185
185
186
187
187
183
184
184
185
186
187
187
188
190
190
191
193
194
195
196
199
200
201
202
203
205
206
204
199
202
206
206
206
219
239
250
252
252
253
254
254
254
254
255
255
255
255
255
255
255
255
255
255
255
255
255
255
255
255
255
255
255
255
255
255
255
255
255
255
255
255
255
255
255
255
255
255
255
255
255
255
255
255
255
255
255
255
255
255
255
255
255
255
255
255
255
255
255
255
255
255
255
255
255
255
255
255
255
255
255
255
255
255
255
255
255
255
255
255
255
255
255
255
255
255
255
255
255
255
255
255
255
255
255
255
255
255
255
255
255
255
255
255
255
255
255
255
255
255
255
255
255
255
255
255
255
255
255
255
255
255
255
255
255
255
255
255
255
255
255
255
255
255
255
255
255
255
255
255
255
255
255
255
255
255
255
255
255
255
255
255
255
255
255
255
255
255
255
255
255
255
255
255
255
255
255
173
173
173
173
172
172
171
172
174
174
175
175
175
176
176
178
179
180
181
182
183
184
183
181
181
181
182
183
184
184
185
185
185
186
188
189
190
191
197
197
198
199
200
202
203
203
203
202
203
203
202
211
227
245
252
252
253
253
254
254
254
255
255
255
255
255
255
255
255
255
255
255
255
255
255
255
255
255
255
255
255
255
255
255
255
255
255
255
255
255
255
255
255
255
255
255
255
255
255
255
255
255
255
255
255
255
255
255
255
255
255
255
255
255
255
255
255
255
255
255
255
255
255
255
255
255
255
255
255
255
255
255
255
255
255
255
255
255
255
255
255
255
255
255
255
255
255
255
255
255
255
255
255
255
255
255
255
255
255
255
255
255
255
255
255
255
255
255
255
255
255
255
255
255
255
255
255
255
255
255
255
255
255
255
255
255
255
255
255
255
255
255
255
255
255
255
255
255
255
255
255
255
255
255
255
255
255
255
255
255
255
255
255
255
255
255
255
255
255
255
255
255
255
255
170
170
170
169
169
168
168
169
173
173
173
174
174
174
175
176
176
175
177
177
178
179
180
178
178
180
180
181
182
182
182
181
182
183
185
186
187
188
193
194
195
196
197
199
199
201
205
203
200
200
202
209
218
240
250
252
252
253
253
254
254
255
255
254
254
254
255
255
255
255
255
255
255
255
255
255
255
255
255
255
255
255
255
255
255
255
255
255
255
255
255
255
255
255
255
255
255
255
255
255
255
255
255
255
255
255
255
255
255
255
255
255
255
255
255
255
255
255
255
255
255
255
255
255
255
255
255
255
255
255
255
255
255
255
255
255
255
255
255
255
255
255
255
255
255
255
255
255
255
255
255
255
255
255
255
255
255
255
255
255
255
255
255
255
255
255
255
255
255
255
255
255
255
255
255
255
255
255
255
255
255
255
255
255
255
255
255
255
255
255
255
255
255
255
255
255
255
255
255
255
255
255
255
255
255
255
255
255
255
255
255
255
255
255
255
255
255
255
255
255
255
255
255
255
166
166
166
166
165
164
163
166
172
173
173
174
175
176
177
177
178
178
178
178
178
177
177
172
173
175
177
178
180
181
181
179
180
181
181
182
183
183
189
190
193
196
199
201
204
204
202
202
200
198
198
203
210
217
225
242
252
252
252
254
254
254
254
254
254
254
254
254
254
254
255
255
255
254
254
254
255
255
255
255
255
255
255
255
255
255
255
255
255
255
255
255
255
255
255
255
255
255
255
255
255
255
255
255
255
255
255
255
255
255
255
255
255
255
255
255
255
255
255
255
255
255
255
255
255
255
255
255
255
255
255
255
255
255
255
255
255
255
255
255
255
255
255
255
255
255
255
255
255
255
255
255
255
255
255
255
255
255
255
255
255
255
255
255
255
255
255
255
255
255
255
255
255
255
255
255
255
255
255
255
255
255
255
255
255
255
255
255
255
255
255
255
255
255
255
255
255
255
255
255
255
255
255
255
255
255
255
255
255
255
255
255
255
255
255
255
255
255
255
255
255
255
255
255
159
158
158
157
156
155
155
158
164
165
166
169
171
173
174
178
179
178
178
177
176
176
175
170
171
173
174
176
177
179
179
179
179
180
181
182
182
183
187
188
189
192
195
199
202
204
203
204
202
197
195
198
204
206
210
230
247
251
254
253
250
254
253
253
254
254
254
254
254
254
255
255
255
254
254
254
254
255
255
255
255
255
255
255
255
255
255
255
255
255
255
255
255
255
255
255
255
255
255
255
255
255
255
255
255
255
255
255
255
255
255
255
255
255
255
255
255
255
255
255
255
255
255
255
255
255
255
255
255
255
255
255
255
255
255
255
255
255
255
255
255
255
255
255
255
255
255
255
255
255
255
255
255
255
255
255
255
255
255
255
255
255
255
255
255
255
255
255
255
255
255
255
255
255
255
255
255
255
255
255
255
255
255
255
255
255
255
255
255
255
255
255
255
255
255
255
255
255
255
255
255
255
255
255
255
255
255
255
255
255
255
255
255
255
255
255
255
255
255
255
255
255
255
255
146
146
145
145
144
143
142
144
148
150
153
157
161
164
166
173
175
175
175
174
174
174
173
169
170
171
172
173
174
174
176
179
180
181
182
184
185
185
186
186
185
186
189
194
198
202
206
207
204
198
193
195
199
201
202
215
236
248
254
254
246
254
254
254
254
255
254
254
255
255
255
255
255
254
254
254
254
255
255
255
255
255
255
255
255
255
255
255
255
255
255
255
255
255
255
255
255
255
255
255
255
255
255
255
255
255
255
255
255
255
255
255
255
255
255
255
255
255
255
255
255
255
255
255
255
255
255
255
255
255
255
255
255
255
255
255
255
255
255
255
255
255
255
255
255
255
255
255
255
255
255
255
255
255
255
255
255
255
255
255
255
255
255
255
255
255
255
255
255
255
255
255
255
255
255
255
255
255
255
255
255
255
255
255
255
255
255
255
255
255
255
255
255
255
255
255
255
255
255
255
255
255
255
255
255
255
255
255
255
255
255
255
255
255
255
255
255
255
255
255
255
255
255
255
134
133
133
132
131
131
130
131
134
135
139
142
147
150
152
160
162
163
165
167
169
171
171
168
168
169
169
170
170
171
175
179
180
182
184
186
187
188
188
187
185
184
187
192
197
201
204
205
204
199
194
194
197
199
197
203
220
239
251
254
248
254
253
254
254
254
255
254
255
255
255
255
255
254
254
254
255
255
255
255
255
255
255
255
255
255
255
255
255
255
255
255
255
255
255
255
255
255
255
255
255
255
255
255
255
255
255
255
255
255
255
255
255
255
255
255
255
255
255
255
255
255
255
255
255
255
255
255
255
255
255
255
255
255
255
255
255
255
255
255
255
255
255
255
255
255
255
255
255
255
255
255
255
255
255
255
255
255
255
255
255
255
255
255
255
255
255
255
255
255
255
255
255
255
255
255
255
255
255
255
255
255
255
255
255
255
255
255
255
255
255
255
255
255
255
255
255
255
255
255
255
255
255
255
255
255
255
255
255
255
255
255
255
255
255
255
255
255
255
255
255
255
255
255
126
125
125
124
123
123
122
122
124
124
127
129
132
134
135
140
144
147
152
157
162
166
168
165
166
167
167
168
169
170
174
180
181
183
186
188
190
191
193
191
189
188
190
194
198
200
198
201
202
199
195
195
199
200
199
200
209
226
242
251
252
253
253
253
254
254
254
255
255
255
255
255
255
255
255
255
255
255
255
255
255
255
255
255
255
255
255
255
255
255
255
255
255
255
255
255
255
255
255
255
255
255
255
255
255
255
255
255
255
255
255
255
255
255
255
255
255
255
255
255
255
255
255
255
255
255
255
255
255
255
255
255
255
255
255
255
255
255
255
255
255
255
255
255
255
255
255
255
255
255
255
255
255
255
255
255
255
255
255
255
255
255
255
255
255
255
255
255
255
255
255
255
255
255
255
255
255
255
255
255
255
255
255
255
255
255
255
255
255
255
255
255
255
255
255
255
255
255
255
255
255
255
255
255
255
255
255
255
255
255
255
255
255
255
255
255
255
255
255
255
255
255
255
255
121
120
120
119
118
117
117
117
116
117
118
119
120
121
121
124
127
133
140
147
154
160
162
163
164
165
167
169
171
172
176
180
182
184
187
191
193
195
196
196
196
196
197
198
200
199
193
198
201
200
196
197
200
201
203
201
201
213
228
243
252
252
252
253
254
254
254
254
255
255
255
255
255
255
255
255
255
255
255
255
255
255
255
255
255
255
255
255
255
255
255
255
255
255
255
255
255
255
255
255
255
255
255
255
255
255
255
255
255
255
255
255
255
255
255
255
255
255
255
255
255
255
255
255
255
255
255
255
255
255
255
255
255
255
255
255
255
255
255
255
255
255
255
255
255
255
255
255
255
255
255
255
255
255
255
255
255
255
255
255
255
255
255
255
255
255
255
255
255
255
255
255
255
255
255
255
255
255
255
255
255
255
255
255
255
255
255
255
255
255
255
255
255
255
255
255
255
255
255
255
255
255
255
255
255
255
255
255
255
255
255
255
255
255
255
255
255
255
255
255
255
255
255
255
117
116
115
114
113
113
112
111
110
110
111
113
115
116
116
119
122
127
133
141
147
152
155
160
162
164
168
172
175
177
178
180
182
185
189
193
196
198
196
198
200
202
202
201
199
196
192
198
201
200
197
196
197
199
203
202
197
206
217
230
246
251
252
252
253
253
254
254
254
255
255
255
255
255
255
255
255
255
255
255
255
255
255
255
255
255
255
255
255
255
255
255
255
255
255
255
255
255
255
255
255
255
255
255
255
255
255
255
255
255
255
255
255
255
255
255
255
255
255
255
255
255
255
255
255
255
255
255
255
255
255
255
255
255
255
255
255
255
255
255
255
255
255
255
255
255
255
255
255
255
255
255
255
255
255
255
255
255
255
255
255
255
255
255
255
255
255
255
255
255
255
255
255
255
255
255
255
255
255
255
255
255
255
255
255
255
255
255
255
255
255
255
255
255
255
255
255
255
255
255
255
255
255
255
255
255
255
255
255
255
255
255
255
255
255
255
255
255
255
255
255
255
255
255
112
111
111
110
109
109
108
106
103
104
107
110
113
115
117
120
123
127
132
137
142
146
148
157
160
164
169
175
179
182
182
180
183
186
191
194
197
200
194
197
202
205
205
202
197
194
195
200
203
200
195
192
193
195
201
199
195
205
212
216
231
250
252
252
253
253
253
253
254
255
255
255
255
255
255
255
255
255
255
255
255
255
255
255
255
255
255
255
255
255
255
255
255
255
255
255
255
255
255
255
255
255
255
255
255
255
255
255
255
255
255
255
255
255
255
255
255
255
255
255
255
255
255
255
255
255
255
255
255
255
255
255
255
255
255
255
255
255
255
255
255
255
255
255
255
255
255
255
255
255
255
255
255
255
255
255
255
255
255
255
255
255
255
255
255
255
255
255
255
255
255
255
255
255
255
255
255
255
255
255
255
255
255
255
255
255
255
255
255
255
255
255
255
255
255
255
255
255
255
255
255
255
255
255
255
255
255
255
255
255
255
255
255
255
255
255
255
255
255
255
255
255
255
255
110
107
109
108
102
103
106
103
100
104
105
108
113
116
115
119
122
128
132
135
140
146
149
156
159
165
172
179
185
189
188
187
189
191
193
196
199
200
196
198
202
205
206
203
200
198
199
203
205
202
197
192
190
192
197
196
196
203
207
208
215
237
240
250
253
253
252
253
254
255
255
255
255
255
254
254
255
255
255
255
255
255
255
255
255
255
255
255
255
255
255
255
255
255
255
255
255
255
255
255
255
255
255
255
255
255
255
255
255
255
255
255
255
255
255
255
255
255
255
255
255
255
255
255
255
255
255
255
255
255
255
255
255
255
255
255
255
255
255
255
255
255
255
255
255
255
255
255
255
255
255
255
255
255
255
255
255
255
255
255
255
255
255
255
255
255
255
255
255
255
255
255
255
255
255
255
255
255
255
255
255
255
255
255
255
255
255
255
255
255
255
255
255
255
255
255
255
255
255
255
255
255
255
255
255
255
255
255
255
255
255
255
255
255
255
255
255
255
255
255
255
255
255
255
109
106
106
108
105
102
102
102
101
107
106
105
112
116
112
113
120
128
134
137
142
150
156
157
160
167
174
182
190
195
198
199
200
200
200
201
201
202
202
202
203
204
205
206
207
205
203
203
204
203
200
196
192
192
194
196
198
200
203
205
206
214
220
243
251
253
252
253
254
255
255
255
255
255
254
254
255
255
255
255
255
255
255
255
255
255
255
255
255
255
255
255
255
255
255
255
255
255
255
255
255
255
255
255
255
255
255
255
255
255
255
255
255
255
255
255
255
255
255
255
255
255
255
255
255
255
255
255
255
255
255
255
255
255
255
255
255
255
255
255
255
255
255
255
255
255
255
255
255
255
255
255
255
255
255
255
255
255
255
255
255
255
255
255
255
255
255
255
255
255
255
255
255
255
255
255
255
255
255
255
255
255
255
255
255
255
255
255
255
255
255
255
255
255
255
255
255
255
255
255
255
255
255
255
255
255
255
255
255
255
255
255
255
255
255
255
255
255
255
255
255
255
255
255
140
141
124
116
120
106
96
98
98
103
103
104
111
116
114
119
126
133
138
140
144
152
158
161
164
170
176
182
188
192
197
201
202
203
204
205
206
208
206
206
206
205
206
205
205
204
200
200
200
199
198
196
195
195
195
197
199
201
204
205
206
208
211
229
242
251
253
252
253
254
255
255
254
254
254
254
255
255
255
255
255
255
255
255
255
255
255
255
255
255
255
255
255
255
255
255
255
255
255
255
255
255
255
255
255
255
255
255
255
255
255
255
255
255
255
255
255
255
255
255
255
255
255
255
255
255
255
255
255
255
255
255
255
255
255
255
255
255
255
255
255
255
255
255
255
255
255
255
255
255
255
255
255
255
255
255
255
255
255
255
255
255
255
255
255
255
255
255
255
255
255
255
255
255
255
255
255
255
255
255
255
255
255
255
255
255
255
255
255
255
255
255
255
255
255
255
255
255
255
255
255
255
255
255
255
255
255
255
255
255
255
255
255
255
255
255
255
255
255
255
255
255
255
255
224
221
201
159
114
102
98
90
91
95
96
99
107
112
113
125
133
140
143
144
147
154
160
167
169
173
178
183
187
190
195
200
202
204
206
209
211
213
211
210
209
208
206
205
204
203
199
197
196
195
196
198
199
199
197
199
200
202
204
205
206
203
203
216
226
243
252
250
249
254
254
255
254
255
254
254
254
255
255
255
255
255
255
255
255
255
255
255
255
255
255
255
255
255
255
255
255
255
255
255
255
255
255
255
255
255
255
255
255
255
255
255
255
255
255
255
255
255
255
255
255
255
255
255
255
255
255
255
255
255
255
255
255
255
255
255
255
255
255
255
255
255
255
255
255
255
255
255
255
255
255
255
255
255
255
255
255
255
255
255
255
255
255
255
255
255
255
255
255
255
255
255
255
255
255
255
255
255
255
255
255
255
255
255
255
255
255
255
255
255
255
255
255
255
255
255
255
255
255
255
255
255
255
255
255
255
255
255
255
255
255
255
255
255
255
255
255
255
255
255
255
255
255
255
247
250
248
222
159
120
99
88
92
95
97
101
108
114
118
132
140
146
149
148
151
157
164
172
174
177
181
184
187
190
194
197
200
203
205
209
212
213
214
214
212
210
208
206
205
204
199
196
194
193
195
199
202
201
200
201
202
203
204
205
206
203
203
208
210
230
249
250
250
254
254
255
254
254
254
254
254
255
255
255
255
255
255
255
255
255
255
255
255
255
255
255
255
255
255
255
255
255
255
255
255
255
255
255
255
255
255
255
255
255
255
255
255
255
255
255
255
255
255
255
255
255
255
255
255
255
255
255
255
255
255
255
255
255
255
255
255
255
255
255
255
255
255
255
255
255
255
255
255
255
255
255
255
255
255
255
255
255
255
255
255
255
255
255
255
255
255
255
255
255
255
255
255
255
255
255
255
255
255
255
255
255
255
255
255
255
255
255
255
255
255
255
255
255
255
255
255
255
255
255
255
255
255
255
255
255
255
255
255
255
255
255
255
255
255
255
255
255
255
255
255
255
255
255
244
252
251
250
235
175
117
103
104
103
105
110
116
122
130
136
143
149
152
152
154
161
168
176
178
180
183
186
188
191
193
196
198
201
204
207
209
210
215
216
214
212
210
208
207
206
201
198
196
195
196
200
203
203
203
204
204
204
205
205
205
207
206
206
199
214
238
247
253
254
254
254
254
254
254
254
254
255
255
255
255
255
255
255
255
255
255
255
255
255
255
255
255
255
255
255
255
255
255
255
255
255
255
255
255
255
255
255
255
255
255
255
255
255
255
255
255
255
255
255
255
255
255
255
255
255
255
255
255
255
255
255
255
255
255
255
255
255
255
255
255
255
255
255
255
255
255
255
255
255
255
255
255
255
255
255
255
255
255
255
255
255
255
255
255
255
255
255
255
255
255
255
255
255
255
255
255
255
255
255
255
255
255
255
255
255
255
255
255
255
255
255
255
255
255
255
255
255
255
255
255
255
255
255
255
255
255
255
255
255
255
255
255
255
255
255
255
255
255
255
255
255
255
255
253
254
252
250
250
232
167
118
110
106
108
112
116
122
131
137
142
149
153
154
157
165
171
177
178
182
184
188
191
193
196
198
199
201
204
206
207
209
215
216
215
214
213
212
211
210
204
203
201
200
200
201
202
205
206
206
206
205
205
205
205
211
206
205
195
201
221
236
250
254
254
254
254
254
254
254
254
255
255
255
255
255
255
255
255
255
255
255
255
255
255
255
255
255
255
255
255
255
255
255
255
255
255
255
255
255
255
255
255
255
255
255
255
255
255
255
255
255
255
255
255
255
255
255
255
255
255
255
255
255
255
255
255
255
255
255
255
255
255
255
255
255
255
255
255
255
255
255
255
255
255
255
255
255
255
255
255
255
255
255
255
255
255
255
255
255
255
255
255
255
255
255
255
255
255
255
255
255
255
255
255
255
255
255
255
255
255
255
255
255
255
255
255
255
255
255
255
255
255
255
255
255
255
255
255
255
255
255
255
255
255
255
255
255
255
255
255
255
255
255
255
255
255
255
250
253
253
251
248
249
219
149
112
106
107
111
113
118
128
134
140
148
153
155
160
167
174
177
179
182
186
190
194
196
200
204
205
205
206
207
208
208
214
215
215
215
215
216
216
214
208
208
208
207
205
202
201
205
208
207
207
206
205
205
205
212
201
200
195
197
206
218
239
254
254
254
254
254
254
255
254
255
255
255
255
255
255
255
255
255
255
255
255
255
255
255
255
255
255
255
255
255
255
255
255
255
255
255
255
255
255
255
255
255
255
255
255
255
255
255
255
255
255
255
255
255
255
255
255
255
255
255
255
255
255
255
255
255
255
255
255
255
255
255
255
255
255
255
255
255
255
255
255
255
255
255
255
255
255
255
255
255
255
255
255
255
255
255
255
255
255
255
255
255
255
255
255
255
255
255
255
255
255
255
255
255
255
255
255
255
255
255
255
255
255
255
255
255
255
255
255
255
255
255
255
255
255
255
255
255
255
255
255
255
255
255
255
255
255
255
255
255
255
255
255
255
255
255
255
254
245
245
253
251
249
204
121
112
111
115
115
119
130
132
138
146
151
156
161
169
176
176
179
182
187
191
196
199
204
208
209
210
210
210
210
210
213
214
214
216
217
218
219
216
210
211
212
211
208
204
199
205
209
208
208
207
206
205
205
210
195
196
197
197
197
202
227
252
253
254
254
255
255
255
255
255
255
255
255
255
255
254
254
255
255
255
255
255
255
255
255
255
255
255
255
255
255
255
255
255
255
255
255
255
255
255
255
255
255
255
255
255
255
255
255
255
255
255
255
255
255
255
255
255
255
255
255
255
255
255
255
255
255
255
255
255
255
255
255
255
255
255
255
255
255
255
255
255
255
255
255
255
255
255
255
255
255
255
255
255
255
255
255
255
255
255
255
255
255
255
255
255
255
255
255
255
255
255
255
255
255
255
255
255
255
255
255
255
255
255
255
255
255
255
255
255
255
255
255
255
255
255
255
255
255
255
255
255
255
255
255
255
255
255
255
255
255
255
255
255
255
255
255
255
255
255
255
254
253
246
196
124
101
108
117
118
134
135
135
140
146
154
161
166
169
176
178
182
186
191
195
198
201
203
204
205
207
209
211
212
213
213
213
213
213
213
213
215
219
215
212
214
214
207
197
202
207
205
203
204
206
209
211
212
207
200
196
195
198
203
210
225
243
253
254
254
253
253
254
254
254
254
254
254
254
254
254
254
255
254
255
254
254
254
255
255
255
255
255
255
255
255
255
255
255
255
255
255
255
255
255
255
255
255
255
255
255
255
255
255
255
255
255
255
255
255
255
255
255
255
255
255
255
255
255
255
255
255
255
255
255
255
255
255
255
255
255
255
255
255
255
255
255
255
255
255
255
255
255
255
255
255
255
255
255
255
255
255
255
255
255
255
255
255
255
255
255
255
255
255
255
255
255
255
255
255
255
255
255
255
255
255
255
255
255
255
255
255
255
255
255
255
255
255
255
255
255
255
255
255
255
255
255
255
255
255
255
255
255
255
255
255
255
255
255
255
254
255
254
255
255
254
254
250
231
170
117
105
109
118
125
131
135
139
146
154
160
165
169
176
178
182
186
191
195
197
201
204
205
207
209
211
213
214
214
214
214
214
214
214
214
215
218
215
213
215
215
209
202
205
207
206
204
204
206
209
211
208
204
199
196
197
201
207
210
219
234
246
252
252
252
253
254
255
254
254
254
254
254
254
254
254
255
254
255
254
254
254
255
255
255
255
255
255
255
255
255
255
255
255
255
255
255
255
255
255
255
255
255
255
255
255
255
255
255
255
255
255
255
255
255
255
255
255
255
255
255
255
255
255
255
255
255
255
255
255
255
255
255
255
255
255
255
255
255
255
255
255
255
255
255
255
255
255
255
255
255
255
255
255
255
255
255
255
255
255
255
255
255
255
255
255
255
255
255
255
255
255
255
255
255
255
255
255
255
255
255
255
255
255
255
255
255
255
255
255
255
255
255
255
255
255
255
255
255
255
255
255
255
255
255
255
255
255
255
255
255
255
255
255
254
255
254
255
254
254
255
254
250
217
148
110
104
119
122
129
134
139
146
154
160
165
169
176
178
182
186
191
195
198
202
205
206
209
211
213
214
215
214
214
214
214
214
214
214
215
216
214
214
216
217
214
209
209
208
206
204
205
207
210
212
205
203
199
197
199
204
209
210
212
222
232
241
247
252
254
255
255
254
254
254
254
254
254
254
254
255
254
255
254
254
254
255
255
255
255
255
255
255
255
255
255
255
255
255
255
255
255
255
255
255
255
255
255
255
255
255
255
255
255
255
255
255
255
255
255
255
255
255
255
255
255
255
255
255
255
255
255
255
255
255
255
255
255
255
255
255
255
255
255
255
255
255
255
255
255
255
255
255
255
255
255
255
255
255
255
255
255
255
255
255
255
255
255
255
255
255
255
255
255
255
255
255
255
255
255
255
255
255
255
255
255
255
255
255
255
255
255
255
255
255
255
255
255
255
255
255
255
255
255
255
255
255
255
255
255
255
255
255
255
255
255
255
255
254
255
254
255
254
254
255
254
252
245
191
127
109
117
127
132
135
139
145
153
160
165
168
175
178
181
186
190
194
197
203
207
208
210
212
214
216
216
214
214
214
214
214
214
214
214
214
213
214
216
217
217
215
212
209
207
205
206
208
211
213
207
205
202
199
200
203
206
207
208
213
221
230
242
252
254
254
254
254
254
254
254
254
254
254
254
254
254
255
255
255
255
255
255
255
255
255
255
255
255
255
255
255
255
255
255
255
255
255
255
255
255
255
255
255
255
255
255
255
255
255
255
255
255
255
255
255
255
255
255
255
255
255
255
255
255
255
255
255
255
255
255
255
255
255
255
255
255
255
255
255
255
255
255
255
255
255
255
255
255
255
255
255
255
255
255
255
255
255
255
255
255
255
255
255
255
255
255
255
255
255
255
255
255
255
255
255
255
255
255
255
255
255
255
255
255
255
255
255
255
255
255
255
255
255
255
255
255
255
255
255
255
255
255
255
255
255
255
255
255
255
255
255
255
254
255
254
255
254
254
255
253
250
249
230
162
120
114
127
131
134
138
145
153
159
164
168
175
178
181
185
190
194
197
202
207
208
210
212
214
216
216
215
215
215
215
215
215
215
214
212
213
214
214
215
217
219
214
210
208
206
206
209
211
213
213
210
207
203
201
200
201
204
208
209
214
224
236
247
253
254
254
254
254
255
255
255
254
254
255
255
255
254
254
254
254
255
255
255
255
255
255
255
255
255
255
255
255
255
255
255
255
255
255
255
255
255
255
255
255
255
255
255
255
255
255
255
255
255
255
255
255
255
255
255
255
255
255
255
255
255
255
255
255
255
255
255
255
255
255
255
255
255
255
255
255
255
255
255
255
255
255
255
255
255
255
255
255
255
255
255
255
255
255
255
255
255
255
255
255
255
255
255
255
255
255
255
255
255
255
255
255
255
255
255
255
255
255
255
255
255
255
255
255
255
255
255
255
255
255
255
255
255
255
255
255
255
255
255
255
255
255
255
255
255
255
255
255
254
255
255
255
255
254
255
254
251
250
247
202
136
117
118
128
133
138
144
152
159
164
167
174
177
180
185
190
194
196
201
205
206
208
210
212
214
215
215
215
215
215
215
215
215
214
210
212
213
212
211
215
219
215
211
209
207
207
209
212
213
217
215
210
205
202
199
197
200
208
210
212
218
227
238
246
252
253
254
254
254
255
255
255
255
255
255
255
254
255
255
255
255
255
255
255
255
255
255
255
255
255
255
255
255
255
255
255
255
255
255
255
255
255
255
255
255
255
255
255
255
255
255
255
255
255
255
255
255
255
255
255
255
255
255
255
255
255
255
255
255
255
255
255
255
255
255
255
255
255
255
255
255
255
255
255
255
255
255
255
255
255
255
255
255
255
255
255
255
255
255
255
255
255
255
255
255
255
255
255
255
255
255
255
255
255
255
255
255
255
255
255
255
255
255
255
255
255
255
255
255
255
255
255
255
255
255
255
255
255
255
255
255
255
255
255
255
255
255
255
255
255
255
255
255
255
255
255
254
254
255
254
252
251
250
235
169
128
113
126
132
137
144
152
158
163
167
174
176
180
185
190
193
196
200
203
204
206
208
210
212
213
215
216
216
216
216
216
216
214
209
212
212
208
206
210
216
215
211
209
208
208
210
212
215
216
215
211
207
204
200
198
200
206
210
211
212
215
225
235
248
253
254
254
254
255
255
254
254
254
255
255
255
254
254
254
255
255
255
255
255
255
255
255
255
255
255
255
255
255
255
255
255
255
255
255
255
255
255
255
255
255
255
255
255
255
255
255
255
255
255
255
255
255
255
255
255
255
255
255
255
255
255
255
255
255
255
255
255
255
255
255
255
255
255
255
255
255
255
255
255
255
255
255
255
255
255
255
255
255
255
255
255
255
255
255
255
255
255
255
255
255
255
255
255
255
255
255
255
255
255
255
255
255
255
255
255
255
255
255
255
255
255
255
255
255
255
255
255
255
255
255
255
255
255
255
255
255
255
255
255
255
255
255
255
255
255
255
255
255
255
255
254
254
255
254
253
251
250
247
209
140
112
126
133
137
144
152
158
163
167
174
176
180
184
189
193
196
199
200
202
204
206
208
210
210
215
216
216
216
216
216
216
214
209
211
210
205
202
206
213
214
212
210
208
208
210
213
215
212
212
210
208
206
203
200
200
204
209
210
206
205
213
224
245
252
253
254
254
254
254
254
254
254
255
255
255
255
254
255
255
255
255
255
255
255
255
255
255
255
255
255
255
255
255
255
255
255
255
255
255
255
255
255
255
255
255
255
255
255
255
255
255
255
255
255
255
255
255
255
255
255
255
255
255
255
255
255
255
255
255
255
255
255
255
255
255
255
255
255
255
255
255
255
255
255
255
255
255
255
255
255
255
255
255
255
255
255
255
255
255
255
255
255
255
255
255
255
255
255
255
255
255
255
255
255
255
255
255
255
255
255
255
255
255
255
255
255
255
255
255
255
255
255
255
255
255
255
255
255
255
255
255
255
255
255
255
255
255
255
255
255
255
255
255
255
254
254
254
255
252
250
251
250
235
170
124
123
131
136
146
143
157
160
163
170
172
176
180
185
189
192
195
197
199
202
204
207
210
211
214
215
216
217
218
219
219
218
213
214
213
210
209
210
212
213
213
212
211
210
210
211
211
208
211
212
211
211
208
200
197
202
206
209
205
199
204
219
233
241
251
254
252
254
254
253
254
254
254
255
255
255
255
255
255
255
255
255
255
255
255
255
255
255
255
255
255
255
255
255
255
255
255
255
255
255
255
255
255
255
255
255
255
255
255
255
255
255
255
255
255
255
255
255
255
255
255
255
255
255
255
255
255
255
255
255
255
255
255
255
255
255
255
255
255
255
255
255
255
255
255
255
255
255
255
255
255
255
255
255
255
255
255
255
255
255
255
255
255
255
255
255
255
255
255
255
255
255
255
255
255
255
255
255
255
255
255
255
255
255
255
255
255
255
255
255
255
255
255
255
255
255
255
255
255
255
255
255
255
255
255
255
255
255
255
255
255
255
255
255
254
254
254
254
253
251
252
251
248
208
143
122
134
133
143
145
158
161
160
167
169
173
177
182
186
189
192
196
198
200
204
207
210
211
213
214
216
217
218
220
220
220
217
216
216
215
214
213
213
213
213
212
212
211
210
209
209
209
212
211
209
211
211
201
197
203
203
206
204
200
204
215
221
226
244
252
252
254
254
251
254
254
254
254
255
255
255
255
255
255
255
255
255
255
255
255
255
255
255
255
255
255
255
255
255
255
255
255
255
255
255
255
255
255
255
255
255
255
255
255
255
255
255
255
255
255
255
255
255
255
255
255
255
255
255
255
255
255
255
255
255
255
255
255
255
255
255
255
255
255
255
255
255
255
255
255
255
255
255
255
255
255
255
255
255
255
255
255
255
255
255
255
255
255
255
255
255
255
255
255
255
255
255
255
255
255
255
255
255
255
255
255
255
255
255
255
255
255
255
255
255
255
255
255
255
255
255
255
255
255
255
255
255
255
255
255
255
255
255
255
255
255
255
254
254
254
254
254
253
253
252
252
251
239
175
124
135
131
136
154
155
162
162
166
168
172
176
181
185
188
192
195
197
199
203
206
209
210
212
213
214
216
217
219
220
220
219
218
218
217
216
215
215
214
213
212
211
211
210
209
209
213
213
208
204
207
211
205
201
204
203
202
202
204
207
209
212
212
229
249
253
253
253
250
254
254
254
254
255
255
255
255
255
255
255
255
255
255
255
255
255
255
255
255
255
255
255
255
255
255
255
255
255
255
255
255
255
255
255
255
255
255
255
255
255
255
255
255
255
255
255
255
255
255
255
255
255
255
255
255
255
255
255
255
255
255
255
255
255
255
255
255
255
255
255
255
255
255
255
255
255
255
255
255
255
255
255
255
255
255
255
255
255
255
255
255
255
255
255
255
255
255
255
255
255
255
255
255
255
255
255
255
255
255
255
255
255
255
255
255
255
255
255
255
255
255
255
255
255
255
255
255
255
255
255
255
255
255
255
255
255
255
255
255
255
255
255
254
254
254
254
253
252
253
254
252
251
252
215
141
129
133
134
153
147
157
164
164
167
170
174
179
183
186
189
193
195
198
201
204
207
209
210
212
213
215
216
218
219
220
220
220
220
219
218
217
217
214
212
212
211
210
209
209
208
212
211
206
202
206
211
206
201
204
205
202
200
204
207
204
205
202
214
237
248
251
252
252
254
254
254
254
255
255
255
255
255
255
255
255
255
255
255
255
255
255
255
255
255
255
255
255
255
255
255
255
255
255
255
255
255
255
255
255
255
255
255
255
255
255
255
255
255
255
255
255
255
255
255
255
255
255
255
255
255
255
255
255
255
255
255
255
255
255
255
255
255
255
255
255
255
255
255
255
255
255
255
255
255
255
255
255
255
255
255
255
255
255
255
255
255
255
255
255
255
255
255
255
255
255
255
255
255
255
255
255
255
255
255
255
255
255
255
255
255
255
255
255
255
255
255
255
255
255
255
255
255
255
255
255
255
255
255
255
255
255
255
255
255
255
255
255
254
254
253
253
251
251
255
253
252
250
242
172
123
132
134
142
141
148
161
162
164
168
172
176
181
183
188
192
193
196
200
203
206
207
209
210
211
213
214
216
217
219
221
220
220
219
219
218
218
214
212
212
211
210
209
209
208
206
208
207
206
210
212
205
197
201
209
205
198
200
204
201
203
203
207
221
237
249
253
254
255
254
254
254
254
254
255
255
255
255
255
255
255
255
255
255
255
255
255
255
255
255
255
255
255
255
255
255
255
255
255
255
255
255
255
255
255
255
255
255
255
255
255
255
255
255
255
255
255
255
255
255
255
255
255
255
255
255
255
255
255
255
255
255
255
255
255
255
255
255
255
255
255
255
255
255
255
255
255
255
255
255
255
255
255
255
255
255
255
255
255
255
255
255
255
255
255
255
255
255
255
255
255
255
255
255
255
255
255
255
255
255
255
255
255
255
255
255
255
255
255
255
255
255
255
255
255
255
255
255
255
255
255
255
255
255
255
255
255
255
255
255
254
254
254
254
253
253
252
252
252
252
253
246
249
210
133
128
129
133
142
141
151
160
162
165
170
174
178
181
186
190
191
194
198
201
204
205
207
208
209
211
213
214
215
217
220
220
220
219
218
217
217
214
212
211
210
209
209
208
207
199
205
208
209
213
213
203
194
198
210
209
199
195
198
200
203
208
206
205
222
243
251
254
254
254
254
254
254
254
255
255
255
255
255
255
255
255
255
255
255
255
255
255
255
255
255
255
255
255
255
255
255
255
255
255
255
255
255
255
255
255
255
255
255
255
255
255
255
255
255
255
255
255
255
255
255
255
255
255
255
255
255
255
255
255
255
255
255
255
255
255
255
255
255
255
255
255
255
255
255
255
255
255
255
255
255
255
255
255
255
255
255
255
255
255
255
255
255
255
255
255
255
255
255
255
255
255
255
255
255
255
255
255
255
255
255
255
255
255
255
255
255
255
255
255
255
255
255
255
255
255
255
255
255
255
255
255
255
255
255
255
255
255
255
255
254
254
254
254
253
253
253
253
251
250
254
249
250
238
169
130
122
127
141
138
144
158
159
163
168
173
177
179
184
188
189
193
196
199
202
203
206
206
207
210
211
213
214
216
219
219
218
217
216
215
215
213
211
211
210
209
208
207
207
198
203
207
208
213
214
204
195
198
207
209
201
194
193
198
203
210
204
197
211
230
241
251
255
254
254
254
254
254
254
255
255
255
255
255
255
255
255
255
255
255
255
255
255
255
255
255
255
255
255
255
255
255
255
255
255
255
255
255
255
255
255
255
255
255
255
255
255
255
255
255
255
255
255
255
255
255
255
255
255
255
255
255
255
255
255
255
255
255
255
255
255
255
255
255
255
255
255
255
255
255
255
255
255
255
255
255
255
255
255
255
255
255
255
255
255
255
255
255
255
255
255
255
255
255
255
255
255
255
255
255
255
255
255
255
255
255
255
255
255
255
255
255
255
255
255
255
255
255
255
255
255
255
255
255
255
255
255
255
255
255
255
255
255
255
254
254
254
254
253
253
254
254
254
251
249
253
253
247
215
144
120
124
131
140
147
156
158
162
167
171
175
178
183
187
189
191
195
198
201
202
204
206
206
208
210
211
212
215
217
216
216
215
214
213
213
212
211
210
210
209
208
207
207
200
204
204
203
209
213
208
200
200
201
206
204
196
191
194
200
206
201
196
207
214
224
243
255
254
254
254
254
254
254
255
255
254
254
254
254
254
254
254
254
255
255
255
255
255
255
255
255
255
255
255
255
255
255
255
255
255
255
255
255
255
255
255
255
255
255
255
255
255
255
255
255
255
255
255
255
255
255
255
255
255
255
255
255
255
255
255
255
255
255
255
255
255
255
255
255
255
255
255
255
255
255
255
255
255
255
255
255
255
255
255
255
255
255
255
255
255
255
255
255
255
255
255
255
255
255
255
255
255
255
255
255
255
255
255
255
255
255
255
255
255
255
255
255
255
255
255
255
255
255
255
255
255
255
255
255
255
255
255
255
255
255
255
255
255
254
254
254
254
254
254
254
254
254
251
245
251
254
247
245
170
125
123
121
143
149
154
157
161
166
171
174
176
180
185
187
190
193
196
198
200
202
203
205
207
208
211
212
213
215
215
215
215
215
213
212
211
211
211
210
209
209
207
206
203
203
200
200
207
212
210
205
202
199
203
204
198
193
195
197
200
198
200
207
205
210
229
252
253
254
254
254
255
255
255
254
254
254
254
254
254
254
254
254
255
255
255
255
255
255
255
255
255
255
255
255
255
255
255
255
255
255
255
255
255
255
255
255
255
255
255
255
255
255
255
255
255
255
255
255
255
255
255
255
255
255
255
255
255
255
255
255
255
255
255
255
255
255
255
255
255
255
255
255
255
255
255
255
255
255
255
255
255
255
255
255
255
255
255
255
255
255
255
255
255
255
255
255
255
255
255
255
255
255
255
255
255
255
255
255
255
255
255
255
255
255
255
255
255
255
255
255
255
255
255
255
255
255
255
255
255
255
255
255
255
255
255
255
255
255
255
255
255
255
255
255
255
255
255
255
255
254
248
250
214
145
125
124
142
135
151
155
161
166
170
172
172
176
181
183
185
189
192
194
196
199
200
202
205
207
210
210
212
212
215
217
218
218
217
214
212
212
214
215
214
211
207
205
203
199
198
202
208
210
208
205
203
202
202
200
195
197
205
197
196
199
203
205
204
202
204
240
245
251
254
254
254
254
254
254
254
254
254
254
254
254
254
254
254
255
255
254
254
254
255
255
255
255
255
255
255
255
255
255
255
255
255
255
255
255
255
255
255
255
255
255
255
255
255
255
255
255
255
255
255
255
255
255
255
255
255
255
255
255
255
255
255
255
255
255
255
255
255
255
255
255
255
255
255
255
255
255
255
255
255
255
255
255
255
255
255
255
255
255
255
255
255
255
255
255
255
255
255
255
255
255
255
255
255
255
255
255
255
255
255
255
255
255
255
255
255
255
255
255
255
255
255
255
255
255
255
255
255
255
255
255
255
255
255
255
255
255
255
255
255
255
255
255
255
255
255
255
255
255
255
255
254
251
242
182
123
130
125
134
148
152
159
164
168
171
171
174
177
179
183
187
191
194
197
198
200
201
204
206
209
209
210
211
214
216
218
218
216
214
211
211
213
214
213
211
207
205
203
203
202
204
206
206
206
203
202
203
202
197
195
198
204
195
194
197
200
201
201
198
200
224
234
246
252
254
253
253
254
254
253
253
254
254
254
254
254
254
254
254
255
254
254
254
255
255
255
255
255
255
255
255
255
255
255
255
255
255
255
255
255
255
255
255
255
255
255
255
255
255
255
255
255
255
255
255
255
255
255
255
255
255
255
255
255
255
255
255
255
255
255
255
255
255
255
255
255
255
255
255
255
255
255
255
255
255
255
255
255
255
255
255
255
255
255
255
255
255
255
255
255
255
255
255
255
255
255
255
255
255
255
255
255
255
255
255
255
255
255
255
255
255
255
255
255
255
255
255
255
255
255
255
255
255
255
255
255
255
255
255
255
255
255
255
255
255
255
255
255
255
255
255
255
255
255
255
254
252
251
225
144
127
120
134
143
147
154
161
165
168
169
169
171
174
180
185
190
195
197
197
197
199
202
204
207
208
208
210
212
215
217
216
215
212
210
209
211
213
213
211
208
206
205
206
207
205
202
200
202
202
201
202
201
197
194
196
203
196
194
196
198
199
198
197
196
206
220
236
247
252
253
253
254
254
254
254
254
254
254
254
254
254
254
254
255
254
254
254
255
255
255
255
255
255
255
255
255
255
255
255
255
255
255
255
255
255
255
255
255
255
255
255
255
255
255
255
255
255
255
255
255
255
255
255
255
255
255
255
255
255
255
255
255
255
255
255
255
255
255
255
255
255
255
255
255
255
255
255
255
255
255
255
255
255
255
255
255
255
255
255
255
255
255
255
255
255
255
255
255
255
255
255
255
255
255
255
255
255
255
255
255
255
255
255
255
255
255
255
255
255
255
255
255
255
255
255
255
255
255
255
255
255
255
255
255
255
255
255
255
255
255
255
255
255
255
255
255
255
255
255
253
254
249
249
190
122
126
133
138
142
149
157
162
165
166
166
167
170
176
182
188
194
196
194
194
197
199
202
204
206
206
208
211
213
215
214
213
210
207
207
210
212
212
211
208
207
206
210
210
206
199
196
198
202
201
196
199
200
192
192
204
200
198
198
199
199
198
198
197
197
207
224
240
251
254
254
254
255
255
255
255
255
254
254
254
254
254
254
255
255
255
255
255
255
255
255
255
255
255
255
255
255
255
255
255
255
255
255
255
255
255
255
255
255
255
255
255
255
255
255
255
255
255
255
255
255
255
255
255
255
255
255
255
255
255
255
255
255
255
255
255
255
255
255
255
255
255
255
255
255
255
255
255
255
255
255
255
255
255
255
255
255
255
255
255
255
255
255
255
255
255
255
255
255
255
255
255
255
255
255
255
255
255
255
255
255
255
255
255
255
255
255
255
255
255
255
255
255
255
255
255
255
255
255
255
255
255
255
255
255
255
255
255
255
255
255
255
255
255
255
255
255
255
255
255
254
247
250
234
141
120
131
131
136
144
152
158
162
164
163
163
167
173
179
185
190
193
191
192
194
196
199
201
203
204
207
209
212
213
212
211
209
205
205
208
210
212
211
209
208
208
211
211
205
198
194
196
202
200
191
198
203
190
186
204
207
204
203
202
201
201
201
201
199
201
212
232
248
254
253
253
255
255
255
255
255
255
255
255
255
255
255
254
254
254
255
255
255
255
255
255
255
255
255
255
255
255
255
255
255
255
255
255
255
255
255
255
255
255
255
255
255
255
255
255
255
255
255
255
255
255
255
255
255
255
255
255
255
255
255
255
255
255
255
255
255
255
255
255
255
255
255
255
255
255
255
255
255
255
255
255
255
255
255
255
255
255
255
255
255
255
255
255
255
255
255
255
255
255
255
255
255
255
255
255
255
255
255
255
255
255
255
255
255
255
255
255
255
255
255
255
255
255
255
255
255
255
255
255
255
255
255
255
255
255
255
255
255
255
255
255
255
255
255
255
255
255
255
255
248
253
249
250
185
118
125
125
130
139
147
154
158
160
161
163
166
170
176
181
185
187
189
189
191
194
196
198
200
202
205
207
210
211
211
209
207
203
202
206
209
211
211
209
208
209
209
208
204
199
197
196
200
199
190
197
201
189
185
202
210
208
205
202
201
201
202
202
202
199
202
218
237
250
254
254
254
254
254
254
254
254
255
255
255
255
255
254
254
254
254
255
255
255
255
255
255
255
255
255
255
255
255
255
255
255
255
255
255
255
255
255
255
255
255
255
255
255
255
255
255
255
255
255
255
255
255
255
255
255
255
255
255
255
255
255
255
255
255
255
255
255
255
255
255
255
255
255
255
255
255
255
255
255
255
255
255
255
255
255
255
255
255
255
255
255
255
255
255
255
255
255
255
255
255
255
255
255
255
255
255
255
255
255
255
255
255
255
255
255
255
255
255
255
255
255
255
255
255
255
255
255
255
255
255
255
255
255
255
255
255
255
255
255
255
255
255
255
255
255
255
255
255
254
251
254
253
251
228
154
121
121
127
135
144
151
156
158
161
163
166
169
174
177
180
182
186
187
189
191
194
196
198
200
203
206
209
210
209
208
206
201
201
204
208
210
211
210
209
209
206
204
202
202
200
197
196
196
196
196
193
188
190
199
208
208
204
200
197
198
199
201
203
199
198
203
216
235
250
254
254
253
253
253
254
254
254
254
254
255
255
254
254
254
254
254
255
255
255
255
255
255
255
255
255
255
255
255
255
255
255
255
255
255
255
255
255
255
255
255
255
255
255
255
255
255
255
255
255
255
255
255
255
255
255
255
255
255
255
255
255
255
255
255
255
255
255
255
255
255
255
255
255
255
255
255
255
255
255
255
255
255
255
255
255
255
255
255
255
255
255
255
255
255
255
255
255
255
255
255
255
255
255
255
255
255
255
255
255
255
255
255
255
255
255
255
255
255
255
255
255
255
255
255
255
255
255
255
255
255
255
255
255
255
255
255
255
255
255
255
255
255
255
255
255
255
255
247
252
252
253
249
245
200
119
118
123
133
142
150
154
157
161
164
167
169
172
175
177
179
184
186
188
190
193
195
197
199
202
205
207
209
209
206
205
200
200
204
207
210
211
210
209
209
204
200
201
204
202
198
193
195
201
195
187
189
196
196
205
206
201
197
194
194
195
198
200
201
197
194
199
221
245
254
254
254
253
253
253
253
254
254
254
255
255
254
254
254
254
254
255
255
255
255
255
255
255
255
255
255
255
255
255
255
255
255
255
255
255
255
255
255
255
255
255
255
255
255
255
255
255
255
255
255
255
255
255
255
255
255
255
255
255
255
255
255
255
255
255
255
255
255
255
255
255
255
255
255
255
255
255
255
255
255
255
255
255
255
255
255
255
255
255
255
255
255
255
255
255
255
255
255
255
255
255
255
255
255
255
255
255
255
255
255
255
255
255
255
255
255
255
255
255
255
255
255
255
255
255
255
255
255
255
255
255
255
255
255
255
255
255
255
255
255
255
255
255
255
255
255
255
253
254
249
251
253
251
226
178
120
118
127
133
136
147
156
158
160
163
167
172
177
181
184
176
180
185
188
188
191
196
199
195
199
203
207
207
206
204
203
202
201
200
201
204
208
211
208
202
196
196
199
200
198
196
196
198
198
197
196
194
191
204
207
205
200
194
187
181
177
182
188
194
197
202
214
228
243
254
253
250
251
253
252
251
253
254
255
255
254
254
254
254
254
255
255
255
255
255
255
255
255
255
255
255
255
255
255
255
255
255
255
255
255
255
255
255
255
255
255
255
255
255
255
255
255
255
255
255
255
255
255
255
255
255
255
255
255
255
255
255
255
255
255
255
255
255
255
255
255
255
255
255
255
255
255
255
255
255
255
255
255
255
255
255
255
255
255
255
255
255
255
255
255
255
255
255
255
255
255
255
255
255
255
255
255
255
255
255
255
255
255
255
255
255
255
255
255
255
255
255
255
255
255
255
255
255
255
255
255
255
255
255
255
255
255
255
255
255
255
255
255
255
255
255
253
253
250
251
254
253
245
216
139
117
118
131
136
138
142
150
157
161
166
171
176
180
183
179
183
188
189
187
188
193
197
194
197
202
205
206
205
204
203
202
200
198
197
200
203
206
205
198
193
192
196
197
196
196
199
200
201
200
198
194
191
198
202
203
202
200
194
189
184
184
190
194
196
198
205
216
233
248
253
253
254
252
252
252
253
254
254
255
254
254
254
254
254
255
255
255
255
255
255
255
255
255
255
255
255
255
255
255
255
255
255
255
255
255
255
255
255
255
255
255
255
255
255
255
255
255
255
255
255
255
255
255
255
255
255
255
255
255
255
255
255
255
255
255
255
255
255
255
255
255
255
255
255
255
255
255
255
255
255
255
255
255
255
255
255
255
255
255
255
255
255
255
255
255
255
255
255
255
255
255
255
255
255
255
255
255
255
255
255
255
255
255
255
255
255
255
255
255
255
255
255
255
255
255
255
255
255
255
255
255
255
255
255
255
255
255
255
255
255
255
255
255
255
255
252
254
254
252
254
253
252
241
183
136
110
120
132
132
136
147
154
157
162
168
173
177
179
183
187
190
190
187
187
190
193
193
196
200
203
204
203
203
203
202
200
197
196
197
198
199
200
195
189
189
193
195
194
196
203
204
205
203
200
195
192
195
199
204
208
208
203
198
193
190
193
195
194
194
198
205
217
235
248
254
254
251
252
253
253
254
254
255
254
254
254
254
254
255
255
255
255
255
255
255
255
255
255
255
255
255
255
255
255
255
255
255
255
255
255
255
255
255
255
255
255
255
255
255
255
255
255
255
255
255
255
255
255
255
255
255
255
255
255
255
255
255
255
255
255
255
255
255
255
255
255
255
255
255
255
255
255
255
255
255
255
255
255
255
255
255
255
255
255
255
255
255
255
255
255
255
255
255
255
255
255
255
255
255
255
255
255
255
255
255
255
255
255
255
255
255
255
255
255
255
255
255
255
255
255
255
255
255
255
255
255
255
255
255
255
255
255
255
255
255
255
255
255
255
254
254
255
254
253
255
254
251
228
175
120
108
123
131
138
146
150
153
157
163
169
173
175
181
185
189
189
186
186
190
193
191
193
196
199
200
201
202
204
204
202
200
198
197
196
196
198
193
188
188
193
196
195
198
207
208
208
205
202
197
194
198
203
209
213
212
208
201
198
197
196
196
194
194
196
200
206
220
241
251
254
253
254
253
253
253
254
255
255
254
254
254
254
255
255
255
255
255
255
255
255
255
255
255
255
255
255
255
255
255
255
255
255
255
255
255
255
255
255
255
255
255
255
255
255
255
255
255
255
255
255
255
255
255
255
255
255
255
255
255
255
255
255
255
255
255
255
255
255
255
255
255
255
255
255
255
255
255
255
255
255
255
255
255
255
255
255
255
255
255
255
255
255
255
255
255
255
255
255
255
255
255
255
255
255
255
255
255
255
255
255
255
255
255
255
255
255
255
255
255
255
255
255
255
255
255
255
255
255
255
255
255
255
255
255
255
255
255
255
255
255
255
255
254
254
254
255
255
254
254
252
251
247
215
150
109
115
132
137
141
145
148
153
158
163
168
170
175
180
185
186
185
187
192
194
190
191
193
195
197
199
200
205
208
206
205
203
201
199
197
198
193
189
190
195
199
198
201
208
208
209
207
204
199
196
199
203
208
213
214
211
206
202
201
199
197
196
198
200
203
202
208
227
243
251
253
254
253
253
253
254
255
255
254
253
254
254
255
255
255
255
255
255
255
255
255
255
255
255
255
255
255
255
255
255
255
255
255
255
255
255
255
255
255
255
255
255
255
255
255
255
255
255
255
255
255
255
255
255
255
255
255
255
255
255
255
255
255
255
255
255
255
255
255
255
255
255
255
255
255
255
255
255
255
255
255
255
255
255
255
255
255
255
255
255
255
255
255
255
255
255
255
255
255
255
255
255
255
255
255
255
255
255
255
255
255
255
255
255
255
255
255
255
255
255
255
255
255
255
255
255
255
255
255
255
255
255
255
255
255
255
255
255
255
255
255
255
255
253
251
250
254
254
254
251
250
252
238
184
124
111
126
132
135
140
143
148
154
158
163
165
168
174
179
182
182
185
191
193
189
189
189
190
193
196
199
204
207
208
208
207
204
202
200
197
193
189
191
197
201
201
201
204
206
207
207
204
202
199
195
196
201
207
211
211
210
209
204
199
197
198
201
204
205
201
200
211
229
246
253
254
250
253
253
254
255
255
254
253
254
254
255
255
255
255
255
255
255
255
255
255
255
255
255
255
255
255
255
255
255
255
255
255
255
255
255
255
255
255
255
255
255
255
255
255
255
255
255
255
255
255
255
255
255
255
255
255
255
255
255
255
255
255
255
255
255
255
255
255
255
255
255
255
255
255
255
255
255
255
255
255
255
255
255
255
255
255
255
255
255
255
255
255
255
255
255
255
255
255
255
255
255
255
255
255
255
255
255
255
255
255
255
255
255
255
255
255
255
255
255
255
255
255
255
255
255
255
255
255
255
255
255
255
255
255
255
255
255
255
255
255
255
253
248
248
254
254
254
252
252
254
248
215
156
119
118
127
132
136
139
144
150
155
159
162
165
170
176
177
177
179
185
188
187
187
186
187
190
194
197
201
204
206
207
207
206
203
201
194
190
187
189
195
200
200
199
199
201
204
206
205
204
202
194
192
195
199
203
207
210
210
204
199
195
197
201
204
203
198
195
200
215
235
248
253
249
253
254
254
255
255
254
253
254
254
255
255
255
255
255
255
255
255
255
255
255
255
255
255
255
255
255
255
255
255
255
255
255
255
255
255
255
255
255
255
255
255
255
255
255
255
255
255
255
255
255
255
255
255
255
255
255
255
255
255
255
255
255
255
255
255
255
255
255
255
255
255
255
255
255
255
255
255
255
255
255
255
255
255
255
255
255
255
255
255
255
255
255
255
255
255
255
255
255
255
255
255
255
255
255
255
255
255
255
255
255
255
255
255
255
255
255
255
255
255
255
255
255
255
255
255
255
255
255
255
255
255
255
255
255
255
255
255
255
255
255
254
252
251
255
254
251
252
254
252
250
238
198
140
114
120
129
134
137
141
147
152
156
159
165
171
175
175
173
174
178
183
186
185
184
185
188
192
196
197
198
202
205
206
205
202
200
190
185
183
186
192
197
198
196
194
197
201
204
205
205
204
198
195
193
193
195
199
204
206
205
198
192
194
198
199
196
193
192
194
206
225
242
250
250
253
254
254
255
254
254
253
254
254
255
255
255
255
255
255
255
255
255
255
255
255
255
255
255
255
255
255
255
255
255
255
255
255
255
255
255
255
255
255
255
255
255
255
255
255
255
255
255
255
255
255
255
255
255
255
255
255
255
255
255
255
255
255
255
255
255
255
255
255
255
255
255
255
255
255
255
255
255
255
255
255
255
255
255
255
255
255
255
255
255
255
255
255
255
255
255
255
255
255
255
255
255
255
255
255
255
255
255
255
255
255
255
255
255
255
255
255
255
255
255
255
255
255
255
255
255
255
255
255
255
255
255
255
255
255
255
255
255
255
255
255
254
254
254
254
251
253
254
253
251
250
232
180
127
115
125
130
133
138
141
146
150
160
166
169
172
172
171
172
174
177
181
182
183
182
183
186
190
193
196
198
200
202
203
203
203
195
189
183
181
185
191
197
197
196
199
200
200
203
204
203
199
195
192
198
195
197
198
205
207
198
191
190
196
199
199
196
194
196
203
214
229
244
251
253
252
252
255
254
254
253
253
254
255
255
255
255
255
255
255
255
255
255
255
255
255
255
255
255
255
255
255
255
255
255
255
255
255
255
255
255
255
255
255
255
255
255
255
255
255
255
255
255
255
255
255
255
255
255
255
255
255
255
255
255
255
255
255
255
255
255
255
255
255
255
255
255
255
255
255
255
255
255
255
255
255
255
255
255
255
255
255
255
255
255
255
255
255
255
255
255
255
255
255
255
255
255
255
255
255
255
255
255
255
255
255
255
255
255
255
255
255
255
255
255
255
255
255
255
255
255
255
255
255
255
255
255
255
255
255
255
255
255
255
255
254
254
254
254
254
254
254
253
253
251
248
220
164
122
116
122
125
128
131
138
143
156
163
164
165
167
169
170
171
171
172
176
179
178
177
180
184
188
189
190
192
194
197
198
199
202
196
188
183
184
191
198
200
198
202
199
197
201
203
200
197
195
190
203
199
201
195
203
207
199
192
191
196
201
204
201
198
200
202
206
217
234
245
252
252
252
254
254
254
253
253
254
255
255
255
255
255
255
255
255
255
255
255
255
255
255
255
255
255
255
255
255
255
255
255
255
255
255
255
255
255
255
255
255
255
255
255
255
255
255
255
255
255
255
255
255
255
255
255
255
255
255
255
255
255
255
255
255
255
255
255
255
255
255
255
255
255
255
255
255
255
255
255
255
255
255
255
255
255
255
255
255
255
255
255
255
255
255
255
255
255
255
255
255
255
255
255
255
255
255
255
255
255
255
255
255
255
255
255
255
255
255
255
255
255
255
255
255
255
255
255
255
255
255
255
255
255
255
255
255
255
255
255
255
254
254
254
254
254
254
255
253
254
252
251
244
209
149
115
112
116
118
120
129
136
147
156
158
159
161
163
165
166
166
165
170
174
175
175
179
185
183
182
183
185
187
189
191
192
199
195
190
187
188
192
196
198
198
201
199
196
200
203
199
196
196
192
201
199
206
195
194
201
199
197
196
197
200
202
203
202
201
200
204
211
219
226
249
253
254
254
254
254
254
254
254
255
255
255
255
255
255
255
255
255
255
255
255
255
255
255
255
255
255
255
255
255
255
255
255
255
255
255
255
255
255
255
255
255
255
255
255
255
255
255
255
255
255
255
255
255
255
255
255
255
255
255
255
255
255
255
255
255
255
255
255
255
255
255
255
255
255
255
255
255
255
255
255
255
255
255
255
255
255
255
255
255
255
255
255
255
255
255
255
255
255
255
255
255
255
255
255
255
255
255
255
255
255
255
255
255
255
255
255
255
255
255
255
255
255
255
255
255
255
255
255
255
255
255
255
255
255
255
255
255
255
255
254
254
255
254
254
254
254
255
255
253
252
252
251
238
192
138
112
113
115
117
122
128
141
150
152
154
157
159
162
163
163
162
168
172
173
175
178
184
184
184
185
187
189
191
193
194
191
190
188
187
187
188
190
192
196
200
198
196
199
202
198
193
195
191
198
199
212
199
189
195
199
203
203
200
199
200
204
205
202
200
203
207
208
207
240
249
254
254
254
253
254
254
254
255
255
255
255
255
255
255
255
255
255
255
255
255
255
255
255
255
255
255
255
255
255
255
255
255
255
255
255
255
255
255
255
255
255
255
255
255
255
255
255
255
255
255
255
255
255
255
255
255
255
255
255
255
255
255
255
255
255
255
255
255
255
255
255
255
255
255
255
255
255
255
255
255
255
255
255
255
255
255
255
255
255
255
255
255
255
255
255
255
255
255
255
255
255
255
255
255
255
255
255
255
255
255
255
255
255
255
255
255
255
255
255
255
255
255
255
255
255
255
255
255
255
255
255
255
255
255
255
255
255
255
254
254
254
255
255
254
255
255
254
251
252
252
251
249
233
183
134
117
113
115
118
122
141
146
148
151
154
157
160
162
163
166
171
175
175
175
177
183
185
186
187
189
191
193
194
195
188
188
188
189
188
188
187
190
195
199
196
194
198
200
197
189
192
187
194
198
217
204
190
191
200
208
208
203
199
199
204
206
202
202
206
208
205
200
223
237
250
254
254
254
255
255
255
255
255
255
255
255
255
255
255
255
255
255
255
255
255
255
255
255
255
255
255
255
255
255
255
255
255
255
255
255
255
255
255
255
255
255
255
255
255
255
255
255
255
255
255
255
255
255
255
255
255
255
255
255
255
255
255
255
255
255
255
255
255
255
255
255
255
255
255
255
255
255
255
255
255
255
255
255
255
255
255
255
255
255
255
255
255
255
255
255
255
255
255
255
255
255
255
255
255
255
255
255
255
255
255
255
255
255
255
255
255
255
255
255
255
255
255
255
255
255
255
255
255
255
255
255
255
255
255
255
255
255
254
254
254
254
255
255
255
255
252
250
253
252
251
252
251
227
174
127
108
109
112
116
136
143
146
147
152
155
159
162
165
172
176
178
177
175
176
181
182
182
183
185
187
189
191
192
188
189
190
191
190
190
188
189
194
197
195
193
196
199
195
188
189
185
192
197
216
207
195
191
200
209
211
206
200
198
202
205
203
205
208
211
209
204
207
221
242
252
254
254
254
254
255
255
255
255
255
255
255
255
255
255
255
255
255
255
255
255
255
255
255
255
255
255
255
255
255
255
255
255
255
255
255
255
255
255
255
255
255
255
255
255
255
255
255
255
255
255
255
255
255
255
255
255
255
255
255
255
255
255
255
255
255
255
255
255
255
255
255
255
255
255
255
255
255
255
255
255
255
255
255
255
255
255
255
255
255
255
255
255
255
255
255
255
255
255
255
255
255
255
255
255
255
255
255
255
255
255
255
255
255
255
255
255
255
255
255
255
255
255
255
255
255
255
255
255
255
255
255
255
255
255
255
254
254
254
254
254
254
255
255
254
250
251
254
253
253
253
252
249
214
157
118
107
108
112
128
137
140
143
148
152
156
159
163
171
176
178
176
174
176
180
180
179
180
182
184
187
188
189
185
186
186
186
186
186
186
187
193
196
194
192
195
198
194
191
191
184
191
194
209
204
201
193
200
208
211
209
203
198
200
204
204
206
208
210
211
210
200
211
231
247
253
254
253
253
255
255
255
255
255
255
255
255
255
255
255
255
255
255
255
255
255
255
255
255
255
255
255
255
255
255
255
255
255
255
255
255
255
255
255
255
255
255
255
255
255
255
255
255
255
255
255
255
255
255
255
255
255
255
255
255
255
255
255
255
255
255
255
255
255
255
255
255
255
255
255
255
255
255
255
255
255
255
255
255
255
255
255
255
255
255
255
255
255
255
255
255
255
255
255
255
255
255
255
255
255
255
255
255
255
255
255
255
255
255
255
255
255
255
255
255
255
255
255
255
255
255
255
255
255
255
255
255
255
255
255
254
254
254
254
254
254
254
254
254
252
253
251
253
254
252
249
251
240
206
160
120
106
105
119
131
134
137
142
147
151
155
159
165
170
173
173
172
175
180
179
178
180
181
183
186
187
188
185
184
182
181
182
183
184
187
192
195
193
191
195
197
193
199
197
187
194
190
197
196
204
197
200
205
210
211
206
198
198
203
205
206
204
204
208
213
204
209
220
235
247
253
252
252
254
255
255
255
255
255
255
255
255
255
255
255
255
255
255
255
255
255
255
255
255
255
255
255
255
255
255
255
255
255
255
255
255
255
255
255
255
255
255
255
255
255
255
255
255
255
255
255
255
255
255
255
255
255
255
255
255
255
255
255
255
255
255
255
255
255
255
255
255
255
255
255
255
255
255
255
255
255
255
255
255
255
255
255
255
255
255
255
255
255
255
255
255
255
255
255
255
255
255
255
255
255
255
255
255
255
255
255
255
255
255
255
255
255
255
255
255
255
255
255
255
255
255
255
255
255
255
255
255
255
255
254
254
253
254
254
254
254
254
254
254
253
250
253
254
248
248
253
252
247
208
149
111
100
111
123
128
133
137
142
148
151
153
157
163
168
169
171
175
180
176
173
175
177
179
182
184
185
190
188
186
184
184
186
188
189
190
194
192
191
194
196
194
204
201
190
195
189
190
190
205
199
200
204
209
211
206
198
197
203
205
204
203
201
205
212
211
209
212
223
238
248
251
251
254
255
255
255
255
255
255
255
255
255
255
255
255
255
255
255
255
255
255
255
255
255
255
255
255
255
255
255
255
255
255
255
255
255
255
255
255
255
255
255
255
255
255
255
255
255
255
255
255
255
255
255
255
255
255
255
255
255
255
255
255
255
255
255
255
255
255
255
255
255
255
255
255
255
255
255
255
255
255
255
255
255
255
255
255
255
255
255
255
255
255
255
255
255
255
255
255
255
255
255
255
255
255
255
255
255
255
255
255
255
255
255
255
255
255
255
255
255
255
255
255
255
255
255
255
255
255
255
255
255
255
254
254
254
254
254
254
254
254
254
254
254
255
255
255
255
255
254
254
253
248
216
147
98
104
108
122
132
131
135
144
147
145
153
157
162
166
170
172
173
169
168
171
175
179
183
186
188
188
187
187
186
185
184
183
183
185
187
189
192
195
198
200
200
197
195
192
199
198
192
209
203
204
206
207
205
202
199
196
200
203
201
208
210
203
207
214
209
204
210
226
243
253
253
250
253
255
255
255
255
254
255
255
255
255
255
255
255
255
255
255
255
255
255
255
255
255
255
255
255
255
255
255
255
255
255
255
255
255
255
255
255
255
255
255
255
255
255
255
255
255
255
255
255
255
255
255
255
255
255
255
255
255
255
255
255
255
255
255
255
255
255
255
255
255
255
255
255
255
255
255
255
255
255
255
255
255
255
255
255
255
255
255
255
255
255
255
255
255
255
255
255
255
255
255
255
255
255
255
255
255
255
255
255
255
255
255
255
255
255
255
255
255
255
255
255
255
255
255
255
255
255
255
255
255
254
254
254
254
254
254
254
254
254
254
254
255
255
254
254
254
254
254
254
253
244
203
142
104
107
111
119
130
137
137
136
138
151
151
152
155
160
166
171
171
171
173
175
178
181
183
184
187
186
185
185
185
184
183
183
184
189
193
196
195
193
191
192
191
190
189
197
194
187
203
205
207
208
209
208
205
202
197
198
200
200
206
208
201
204
208
210
211
212
217
230
246
254
253
254
255
255
255
255
255
255
255
255
255
255
255
255
255
255
255
255
255
255
255
255
255
255
255
255
255
255
255
255
255
255
255
255
255
255
255
255
255
255
255
255
255
255
255
255
255
255
255
255
255
255
255
255
255
255
255
255
255
255
255
255
255
255
255
255
255
255
255
255
255
255
255
255
255
255
255
255
255
255
255
255
255
255
255
255
255
255
255
255
255
255
255
255
255
255
255
255
255
255
255
255
255
255
255
255
255
255
255
255
255
255
255
255
255
255
255
255
255
255
255
255
255
255
255
255
255
255
255
255
255
255
255
255
255
254
254
254
254
254
254
254
255
255
254
254
254
251
249
251
253
252
243
192
127
104
107
111
113
122
133
135
133
139
142
146
150
154
157
158
164
167
170
173
177
181
184
186
184
184
183
183
183
183
183
183
184
189
195
197
194
188
183
187
188
190
191
198
194
184
199
205
207
209
210
209
207
205
197
195
198
198
204
205
200
202
202
211
218
214
208
214
234
250
255
255
255
255
255
255
255
255
255
255
255
255
255
255
255
255
255
255
255
255
255
255
255
255
255
255
255
255
255
255
255
255
255
255
255
255
255
255
255
255
255
255
255
255
255
255
255
255
255
255
255
255
255
255
255
255
255
255
255
255
255
255
255
255
255
255
255
255
255
255
255
255
255
255
255
255
255
255
255
255
255
255
255
255
255
255
255
255
255
255
255
255
255
255
255
255
255
255
255
255
255
255
255
255
255
255
255
255
255
255
255
255
255
255
255
255
255
255
255
255
255
255
255
255
255
255
255
255
255
255
255
255
254
254
255
255
255
254
254
254
254
254
254
255
254
254
254
253
250
252
254
253
251
231
185
126
110
103
108
117
123
129
133
127
132
138
144
147
147
147
152
156
161
167
175
183
188
192
180
180
180
181
181
182
182
182
183
186
190
192
191
187
185
189
190
193
195
202
198
186
199
201
203
205
207
208
206
204
197
193
196
198
202
202
200
199
200
209
217
211
203
204
220
238
254
254
253
253
254
255
255
255
255
255
255
255
255
255
255
255
255
255
255
255
255
255
255
255
255
255
255
255
255
255
255
255
255
255
255
255
255
255
255
255
255
255
255
255
255
255
255
255
255
255
255
255
255
255
255
255
255
255
255
255
255
255
255
255
255
255
255
255
255
255
255
255
255
255
255
255
255
255
255
255
255
255
255
255
255
255
255
255
255
255
255
255
255
255
255
255
255
255
255
255
255
255
255
255
255
255
255
255
255
255
255
255
255
255
255
255
255
255
255
255
255
255
255
255
255
255
255
255
255
255
255
254
254
253
254
254
255
254
254
254
254
254
254
255
254
254
254
254
254
254
254
251
252
251
240
187
135
104
117
125
114
115
128
127
126
127
131
136
142
146
148
150
156
163
170
178
184
187
176
176
177
178
179
180
181
182
182
181
181
182
186
191
194
190
188
192
194
202
196
184
197
195
197
200
203
203
202
201
196
192
194
199
201
202
202
199
202
207
211
208
203
203
210
223
248
249
250
252
254
255
255
255
255
255
255
255
255
255
255
255
255
255
255
255
255
255
255
255
255
255
255
255
255
255
255
255
255
255
255
255
255
255
255
255
255
255
255
255
255
255
255
255
255
255
255
255
255
255
255
255
255
255
255
255
255
255
255
255
255
255
255
255
255
255
255
255
255
255
255
255
255
255
255
255
255
255
255
255
255
255
255
255
255
255
255
255
255
255
255
255
255
255
255
255
255
255
255
255
255
255
255
255
255
255
255
255
255
255
255
255
255
255
255
255
255
255
255
255
255
255
255
255
255
255
255
254
254
253
253
254
255
255
254
254
254
254
254
254
254
254
254
254
252
251
252
252
254
254
252
241
200
143
115
114
118
115
113
122
123
126
130
134
138
142
148
152
155
159
163
167
170
173
172
173
174
175
177
179
180
181
181
177
175
176
182
191
197
188
183
185
186
193
190
179
193
190
193
197
200
201
201
200
197
193
196
202
202
202
204
200
203
205
206
206
205
204
203
210
235
240
246
251
254
255
255
255
255
255
255
255
255
255
255
255
255
255
255
255
255
255
255
255
255
255
255
255
255
255
255
255
255
255
255
255
255
255
255
255
255
255
255
255
255
255
255
255
255
255
255
255
255
255
255
255
255
255
255
255
255
255
255
255
255
255
255
255
255
255
255
255
255
255
255
255
255
255
255
255
255
255
255
255
255
255
255
255
255
255
255
255
255
255
255
255
255
255
255
255
255
255
255
255
255
255
255
255
255
255
255
255
255
255
255
255
255
255
255
255
255
255
255
255
255
255
255
255
255
255
255
254
253
252
253
253
254
255
254
254
253
254
254
254
254
254
254
252
251
250
249
252
254
253
253
252
244
206
143
113
119
118
108
118
122
129
134
137
138
138
145
150
151
154
157
159
161
162
169
170
172
174
176
178
180
181
180
178
176
177
181
186
191
187
183
182
182
188
186
178
193
190
192
197
201
203
202
202
200
195
198
205
203
204
207
202
201
203
207
207
206
203
200
205
223
231
242
250
254
254
253
254
255
255
255
255
255
255
255
255
255
255
255
255
255
255
255
255
255
255
255
255
255
255
255
255
255
255
255
255
255
255
255
255
255
255
255
255
255
255
255
255
255
255
255
255
255
255
255
255
255
255
255
255
255
255
255
255
255
255
255
255
255
255
255
255
255
255
255
255
255
255
255
255
255
255
255
255
255
255
255
255
255
255
255
255
255
255
255
255
255
255
255
255
255
255
255
255
255
255
255
255
255
255
255
255
255
255
255
255
255
255
255
255
255
255
255
255
255
255
255
255
255
255
255
254
253
253
253
254
254
255
254
254
254
254
254
254
254
254
255
252
252
253
251
253
254
254
254
245
252
244
206
142
104
106
119
122
124
126
130
134
138
142
142
143
145
149
153
156
160
161
167
168
170
173
175
178
179
180
179
180
180
180
181
181
182
189
187
185
182
189
188
182
198
192
194
199
203
205
205
204
202
196
200
208
205
206
210
203
197
202
209
210
206
201
199
203
214
224
239
250
254
254
251
252
254
254
255
255
255
255
255
255
255
255
254
254
254
254
254
254
254
254
255
255
255
255
255
255
255
255
255
255
255
255
255
255
255
255
255
255
255
255
255
255
255
255
255
255
255
255
255
255
255
255
255
255
255
255
255
255
255
255
255
255
255
255
255
255
255
255
255
255
255
255
255
255
255
255
255
255
255
255
255
255
255
255
255
255
255
255
255
255
255
255
255
255
255
255
255
255
255
255
255
255
255
255
255
255
255
255
255
255
255
255
255
255
255
255
255
255
255
255
255
255
255
255
255
255
254
254
254
254
255
255
254
254
254
254
254
255
255
255
255
255
255
255
254
254
254
254
254
252
249
252
244
209
153
120
114
115
115
121
126
125
124
130
132
134
141
148
154
156
157
157
157
161
165
169
171
172
171
171
174
180
182
184
188
189
186
187
192
192
192
199
196
187
192
183
187
192
197
199
200
200
200
196
194
197
200
203
203
199
203
207
209
208
205
200
196
195
201
211
224
238
248
252
253
253
252
252
253
253
254
255
254
254
254
254
254
253
253
253
253
254
254
254
255
254
254
254
255
255
255
255
255
255
255
255
255
255
255
255
255
255
255
255
255
255
255
255
255
255
255
255
255
255
255
255
255
255
255
255
255
255
255
255
255
255
255
255
255
255
255
255
255
255
255
255
255
255
255
255
255
255
255
255
255
255
255
255
255
255
255
255
255
255
255
255
255
255
255
255
255
255
255
255
255
255
255
255
255
255
255
255
255
255
255
255
255
255
255
255
255
255
255
255
255
255
255
255
255
255
255
255
255
255
255
255
255
255
255
255
255
255
255
255
255
255
255
255
255
255
255
255
255
255
252
249
249
245
215
166
128
106
111
119
122
116
117
129
130
128
132
140
150
157
159
159
154
157
161
164
167
168
167
167
171
178
178
178
181
181
175
184
194
192
189
194
191
186
192
182
185
190
194
196
197
197
194
191
191
193
199
204
205
204
207
209
210
210
208
205
202
201
200
207
218
230
240
248
252
252
252
252
253
253
254
255
254
254
254
254
254
253
252
253
253
253
253
254
254
254
254
254
254
255
255
255
255
255
255
255
255
255
255
255
255
255
255
255
255
255
255
255
255
255
255
255
255
255
255
255
255
255
255
255
255
255
255
255
255
255
255
255
255
255
255
255
255
255
255
255
255
255
255
255
255
255
255
255
255
255
255
255
255
255
255
255
255
255
255
255
255
255
255
255
255
255
255
255
255
255
255
255
255
255
255
255
255
255
255
255
255
255
255
255
255
255
255
255
255
255
255
255
255
255
255
255
255
255
255
255
255
255
255
255
255
255
255
255
255
255
255
255
255
255
255
255
255
250
254
253
251
254
246
218
176
138
119
109
110
115
120
126
133
134
131
133
139
145
145
144
143
145
148
154
159
165
168
168
167
172
173
173
176
178
173
178
190
192
188
188
182
178
187
183
186
190
193
194
194
192
192
194
196
198
199
201
203
204
208
209
208
209
209
211
211
209
203
207
214
222
231
239
244
251
253
253
253
254
254
254
255
255
255
254
254
253
253
253
253
253
253
254
255
254
254
254
254
255
255
255
255
255
255
255
255
255
255
255
255
255
255
255
255
255
255
255
255
255
255
255
255
255
255
255
255
255
255
255
255
255
255
255
255
255
255
255
255
255
255
255
255
255
255
255
255
255
255
255
255
255
255
255
255
255
255
255
255
255
255
255
255
255
255
255
255
255
255
255
255
255
255
255
255
255
255
255
255
255
255
255
255
255
255
255
255
255
255
255
255
255
255
255
255
255
255
255
255
255
255
255
255
255
255
255
255
255
255
255
255
255
255
255
255
255
255
255
255
255
255
255
255
250
255
255
254
254
250
243
229
201
158
119
107
113
118
118
125
129
128
127
128
130
131
132
141
141
140
142
146
151
155
158
161
168
169
170
176
180
176
171
183
189
187
184
174
169
179
183
185
188
191
191
189
188
191
199
202
202
198
196
197
200
207
207
205
204
206
209
212
212
207
207
210
215
222
229
234
247
254
254
254
254
254
254
253
254
254
254
254
254
253
253
253
254
254
254
254
255
254
254
254
255
255
255
255
255
255
255
255
255
255
255
255
255
255
255
255
255
255
255
255
255
255
255
255
255
255
255
255
255
255
255
255
255
255
255
255
255
255
255
255
255
255
255
255
255
255
255
255
255
255
255
255
255
255
255
255
255
255
255
255
255
255
255
255
255
255
255
255
255
255
255
255
255
255
255
255
255
255
255
255
255
255
255
255
255
255
255
255
255
255
255
255
255
255
255
255
255
255
255
255
255
255
255
255
255
255
255
255
255
255
255
255
255
255
255
255
255
255
255
255
255
255
255
255
253
253
250
255
254
249
249
252
241
213
173
134
112
108
114
113
115
122
124
121
119
123
128
142
140
137
136
138
141
145
151
162
167
165
164
169
172
170
166
178
183
179
175
166
166
179
181
184
186
188
188
186
184
187
195
200
200
197
195
198
203
208
207
204
202
203
206
209
210
208
207
207
209
214
220
224
239
249
252
254
255
254
254
253
254
254
254
254
254
254
254
254
254
254
254
255
255
254
254
255
255
255
255
255
255
255
255
255
255
255
255
255
255
255
255
255
255
255
255
255
255
255
255
255
255
255
255
255
255
255
255
255
255
255
255
255
255
255
255
255
255
255
255
255
255
255
255
255
255
255
255
255
255
255
255
255
255
255
255
255
255
255
255
255
255
255
255
255
255
255
255
255
255
255
255
255
255
255
255
255
255
255
255
255
255
255
255
255
255
255
255
255
255
255
255
255
255
255
255
255
255
255
255
255
255
255
255
255
255
255
255
255
255
255
255
255
255
255
255
255
255
255
255
255
255
253
247
252
255
252
252
252
246
246
226
186
144
122
118
110
111
119
121
117
113
119
127
132
133
134
136
140
146
151
156
162
164
161
159
164
168
166
163
173
176
172
171
165
165
178
178
180
183
185
186
184
183
186
193
196
197
195
194
196
200
209
208
207
204
204
206
208
208
208
207
207
208
210
214
217
231
241
246
251
254
254
254
253
254
254
254
254
254
255
254
254
254
254
254
254
255
255
255
255
255
255
255
255
255
255
255
255
255
255
255
255
255
255
255
255
255
255
255
255
255
255
255
255
255
255
255
255
255
255
255
255
255
255
255
255
255
255
255
255
255
255
255
255
255
255
255
255
255
255
255
255
255
255
255
255
255
255
255
255
255
255
255
255
255
255
255
255
255
255
255
255
255
255
255
255
255
255
255
255
255
255
255
255
255
255
255
255
255
255
255
255
255
255
255
255
255
255
255
255
255
255
255
255
255
255
255
255
255
255
255
255
255
255
255
255
255
255
255
255
255
255
255
255
252
254
251
251
253
255
255
251
245
251
247
231
204
174
146
127
121
121
117
115
115
123
130
127
129
133
137
142
146
150
152
156
159
157
157
164
170
170
158
165
170
170
175
169
165
173
172
175
179
183
184
184
183
189
196
195
194
191
190
188
188
202
205
205
205
206
207
207
207
205
206
207
209
211
212
213
223
231
239
247
253
255
254
253
253
253
254
254
254
255
255
254
254
254
254
255
255
255
255
255
255
255
255
255
255
255
255
255
255
255
255
255
255
255
255
255
255
255
255
255
255
255
255
255
255
255
255
255
255
255
255
255
255
255
255
255
255
255
255
255
255
255
255
255
255
255
255
255
255
255
255
255
255
255
255
255
255
255
255
255
255
255
255
255
255
255
255
255
255
255
255
255
255
255
255
255
255
255
255
255
255
255
255
255
255
255
255
255
255
255
255
255
255
255
255
255
255
255
255
255
255
255
255
255
255
255
255
255
255
255
255
255
255
255
255
255
255
255
255
255
255
255
255
255
250
254
255
254
252
253
254
253
250
252
252
250
244
226
200
170
148
129
116
113
117
122
124
124
127
131
135
137
138
137
142
153
154
151
150
158
164
165
155
161
164
167
175
173
168
173
168
171
177
181
183
184
184
190
194
190
188
189
189
186
182
191
195
199
203
206
206
205
205
203
205
209
212
212
212
210
216
223
233
243
251
254
254
253
253
253
253
254
254
254
255
255
255
255
255
255
255
255
255
255
255
255
255
255
255
255
255
255
255
255
255
255
255
255
255
255
255
255
255
255
255
255
255
255
255
255
255
255
255
255
255
255
255
255
255
255
255
255
255
255
255
255
255
255
255
255
255
255
255
255
255
255
255
255
255
255
255
255
255
255
255
255
255
255
255
255
255
255
255
255
255
255
255
255
255
255
255
255
255
255
255
255
255
255
255
255
255
255
255
255
255
255
255
255
255
255
255
255
255
255
255
255
255
255
255
255
255
255
255
255
255
255
255
255
255
255
255
255
255
255
255
255
255
255
252
254
255
255
254
253
253
254
253
254
254
253
253
250
242
221
197
168
137
117
112
114
118
115
120
124
126
126
128
132
134
137
141
145
148
149
150
149
153
159
160
162
170
172
172
176
171
172
175
178
181
183
184
187
188
187
188
191
194
192
189
189
191
195
199
202
203
203
203
202
203
209
213
212
207
205
213
218
223
231
241
250
254
254
252
253
253
253
254
254
254
254
255
255
255
255
254
254
254
255
255
255
255
255
255
255
255
255
255
255
255
255
255
255
255
255
255
255
255
255
255
255
255
255
255
255
255
255
255
255
255
255
255
255
255
255
255
255
255
255
255
255
255
255
255
255
255
255
255
255
255
255
255
255
255
255
255
255
255
255
255
255
255
255
255
255
255
255
255
255
255
255
255
255
255
255
255
255
255
255
255
255
255
255
255
255
255
255
255
255
255
255
255
255
255
255
255
255
255
255
255
255
255
255
255
255
255
255
255
255
255
255
255
255
255
255
255
255
255
255
255
255
255
255
255
255
255
255
255
255
255
254
254
254
254
255
255
253
252
249
243
224
194
159
132
122
122
110
117
120
117
112
115
123
126
120
126
138
148
145
142
143
151
155
158
163
167
173
176
178
179
177
175
175
178
182
185
185
185
189
193
196
197
197
197
196
196
197
199
201
202
203
204
203
202
208
214
209
201
200
211
216
215
218
227
240
249
253
253
254
254
254
254
254
253
253
255
255
255
254
254
254
254
255
255
255
255
255
255
255
255
255
255
255
255
255
255
255
255
255
255
255
255
255
255
255
255
255
255
255
255
255
255
255
255
255
255
255
255
255
255
255
255
255
255
255
255
255
255
255
255
255
255
255
255
255
255
255
255
255
255
255
255
255
255
255
255
255
255
255
255
255
255
255
255
255
255
255
255
255
255
255
255
255
255
255
255
255
255
255
255
255
255
255
255
255
255
255
255
255
255
255
255
255
255
255
255
255
255
255
255
255
255
255
255
255
255
255
255
255
255
255
255
255
255
255
255
255
255
255
255
255
255
255
255
254
254
254
254
254
255
255
254
253
252
251
244
225
196
163
141
116
117
115
109
105
105
110
120
126
124
130
141
145
146
151
151
153
158
163
170
176
181
183
181
179
177
178
181
187
193
189
183
187
191
194
198
200
202
198
198
199
201
202
204
205
206
203
205
209
211
210
207
206
210
215
219
221
222
226
236
244
254
254
254
254
254
254
254
255
255
255
255
254
254
254
254
255
255
255
255
255
255
255
255
255
255
255
255
255
255
255
255
255
255
255
255
255
255
255
255
255
255
255
255
255
255
255
255
255
255
255
255
255
255
255
255
255
255
255
255
255
255
255
255
255
255
255
255
255
255
255
255
255
255
255
255
255
255
255
255
255
255
255
255
255
255
255
255
255
255
255
255
255
255
255
255
255
255
255
255
255
255
255
255
255
255
255
255
255
255
255
255
255
255
255
255
255
255
255
255
255
255
255
255
255
255
255
255
255
255
255
255
255
255
255
255
255
255
255
255
255
255
255
255
255
255
255
255
255
254
254
254
254
254
255
254
252
251
251
251
249
242
221
202
148
134
115
102
99
103
110
116
119
118
128
143
149
152
156
154
154
157
161
165
169
172
175
183
180
177
178
183
192
199
193
184
186
189
193
197
201
204
198
198
199
201
202
204
205
206
206
210
210
207
210
213
210
211
214
218
220
220
221
223
226
249
250
252
254
254
254
255
254
255
255
255
254
254
254
254
255
255
255
255
255
255
255
255
255
255
255
255
255
255
255
255
255
255
255
255
255
255
255
255
255
255
255
255
255
255
255
255
255
255
255
255
255
255
255
255
255
255
255
255
255
255
255
255
255
255
255
255
255
255
255
255
255
255
255
255
255
255
255
255
255
255
255
255
255
255
255
255
255
255
255
255
255
255
255
255
255
255
255
255
255
255
255
255
255
255
255
255
255
255
255
255
255
255
255
255
255
255
255
255
255
255
255
255
255
255
255
255
255
255
255
255
255
255
255
255
255
255
255
255
255
255
255
255
255
255
255
255
255
255
254
254
254
254
254
254
250
248
250
252
252
251
243
231
210
192
162
133
115
112
119
120
112
114
125
136
140
142
147
147
148
151
154
158
162
165
168
179
177
174
175
182
191
199
195
188
189
190
192
195
198
201
195
194
196
198
199
201
202
204
211
215
212
206
210
214
210
212
214
214
217
224
226
220
214
240
244
249
252
253
254
254
254
255
255
255
254
254
254
254
255
255
255
255
255
255
255
255
255
255
255
255
255
255
255
255
255
255
255
255
255
255
255
255
255
255
255
255
255
255
255
255
255
255
255
255
255
255
255
255
255
255
255
255
255
255
255
255
255
255
255
255
255
255
255
255
255
255
255
255
255
255
255
255
255
255
255
255
255
255
255
255
255
255
255
255
255
255
255
255
255
255
255
255
255
255
255
255
255
255
255
255
255
255
255
255
255
255
255
255
255
255
255
255
255
255
255
255
255
255
255
255
255
255
255
255
255
255
255
255
255
255
255
255
255
255
255
255
255
255
255
255
255
254
255
255
254
254
254
254
252
253
254
254
253
252
248
243
252
245
225
193
157
132
120
117
117
117
122
126
127
131
141
139
140
145
151
158
164
169
172
174
172
171
173
178
186
193
194
193
193
194
193
194
193
193
190
189
191
192
194
195
196
200
212
216
212
207
208
211
207
209
213
215
220
225
226
221
217
227
236
245
251
252
253
252
251
255
255
255
254
254
254
254
255
255
255
255
255
255
255
255
255
255
255
255
255
255
255
255
255
255
255
255
255
255
255
255
255
255
255
255
255
255
255
255
255
255
255
255
255
255
255
255
255
255
255
255
255
255
255
255
255
255
255
255
255
255
255
255
255
255
255
255
255
255
255
255
255
255
255
255
255
255
255
255
255
255
255
255
255
255
255
255
255
255
255
255
255
255
255
255
255
255
255
255
255
255
255
255
255
255
255
255
255
255
255
255
255
255
255
255
255
255
255
255
255
255
255
255
255
255
255
255
255
255
255
255
255
255
255
255
255
255
255
255
254
254
254
254
255
254
254
254
253
253
254
251
248
250
253
253
254
253
249
240
218
182
142
120
115
111
114
119
123
127
135
141
144
148
152
158
162
166
168
169
169
171
173
177
181
184
189
193
195
197
197
194
190
187
187
187
188
190
192
193
194
198
207
210
210
209
209
209
207
207
213
220
223
222
220
221
223
221
229
240
248
251
252
250
251
254
255
255
254
254
254
254
255
255
255
255
255
255
255
255
255
255
255
255
255
255
255
255
255
255
255
255
255
255
255
255
255
255
255
255
255
255
255
255
255
255
255
255
255
255
255
255
255
255
255
255
255
255
255
255
255
255
255
255
255
255
255
255
255
255
255
255
255
255
255
255
255
255
255
255
255
255
255
255
255
255
255
255
255
255
255
255
255
255
255
255
255
255
255
255
255
255
255
255
255
255
255
255
255
255
255
255
255
255
255
255
255
255
255
255
255
255
255
255
255
255
255
255
255
255
255
255
255
255
255
255
255
255
255
255
255
255
255
255
254
253
253
254
255
254
254
254
251
251
253
254
254
252
250
250
255
252
251
253
250
236
202
167
134
113
105
112
119
121
123
140
147
149
151
154
157
159
161
167
170
173
177
178
179
178
181
188
194
199
201
197
191
186
188
188
190
191
193
194
195
196
196
198
206
212
213
210
210
211
215
220
221
218
217
218
221
220
225
231
238
244
248
252
253
255
255
255
254
254
254
254
255
255
255
255
255
255
255
255
255
255
255
255
255
255
255
255
255
255
255
255
255
255
255
255
255
255
255
255
255
255
255
255
255
255
255
255
255
255
255
255
255
255
255
255
255
255
255
255
255
255
255
255
255
255
255
255
255
255
255
255
255
255
255
255
255
255
255
255
255
255
255
255
255
255
255
255
255
255
255
255
255
255
255
255
255
255
255
255
255
255
255
255
255
255
255
255
255
255
255
255
255
255
255
255
255
255
255
255
255
255
255
255
255
255
255
255
255
255
255
255
255
255
255
255
255
255
255
255
255
255
255
255
254
254
253
254
255
254
254
254
252
251
252
254
254
254
255
255
252
254
254
252
249
245
243
232
195
151
120
116
123
125
123
129
133
138
143
150
156
161
163
168
171
176
180
181
178
175
176
183
192
200
204
201
193
187
189
191
192
194
195
197
198
196
187
190
202
215
215
212
214
219
217
214
214
217
219
216
211
223
223
224
228
236
244
250
253
254
254
254
255
254
254
254
255
254
254
255
254
255
254
255
254
255
254
255
254
254
254
254
254
254
254
255
255
255
255
255
255
255
255
255
254
255
255
255
255
255
255
255
255
255
255
255
255
255
255
255
255
255
255
255
255
255
255
255
255
255
255
255
255
255
255
255
255
255
255
255
255
255
255
255
255
255
255
255
255
255
255
255
255
255
255
255
255
255
255
255
255
255
255
255
255
255
255
255
255
255
255
255
255
255
255
255
255
255
255
255
255
255
255
255
255
255
255
255
255
255
255
255
255
255
255
255
255
255
255
255
255
255
255
255
255
255
255
255
255
254
254
254
255
255
255
255
255
255
255
255
255
255
255
255
254
254
254
254
254
253
253
251
246
223
170
121
109
119
128
119
122
125
125
135
151
151
145
162
158
159
167
174
176
173
172
181
191
198
199
194
191
191
194
191
191
195
200
198
191
187
194
197
200
205
209
213
215
220
221
220
219
219
219
219
220
212
218
224
225
224
227
232
242
252
253
253
254
254
254
254
254
253
254
254
254
254
254
254
254
255
254
255
254
254
254
254
254
254
255
255
255
255
255
255
255
254
254
254
254
254
254
255
255
255
255
255
255
255
255
255
255
255
255
255
255
255
255
255
255
255
255
255
255
255
255
255
255
255
255
255
255
255
255
255
255
255
255
255
255
255
255
255
255
255
255
255
255
255
255
255
255
255
255
255
255
255
255
255
255
255
255
255
255
255
255
255
255
255
255
255
255
255
255
255
255
255
255
255
255
255
255
255
255
255
255
255
255
255
255
255
255
255
255
255
255
255
255
255
255
255
255
255
255
255
255
255
255
255
255
255
255
255
255
255
255
255
255
254
254
254
254
254
254
253
253
246
242
252
234
189
145
121
107
120
124
120
118
127
141
150
151
156
152
153
157
163
165
163
166
175
182
187
186
183
182
183
186
188
190
191
190
188
188
190
197
199
201
203
206
208
210
217
221
222
222
222
220
219
217
215
218
222
224
226
228
232
237
245
249
252
254
255
254
253
253
253
253
254
254
254
254
254
254
254
254
255
254
255
254
254
254
254
255
255
255
255
255
255
255
254
254
254
254
254
254
255
255
255
255
255
255
255
255
255
255
255
255
255
255
255
255
255
255
255
255
255
255
255
255
255
255
255
255
255
255
255
255
255
255
255
255
255
255
255
255
255
255
255
255
255
255
255
255
255
255
255
255
255
255
255
255
255
255
255
255
255
255
255
255
255
255
255
255
255
255
255
255
255
255
255
255
255
255
255
255
255
255
255
255
255
255
255
255
255
255
255
255
255
255
255
255
255
255
255
255
255
255
255
255
255
255
255
255
255
255
255
255
255
255
255
255
254
254
254
254
255
254
253
253
252
252
254
251
241
221
179
129
117
114
112
115
120
126
136
144
149
147
147
151
157
160
159
165
173
178
179
176
174
175
179
184
188
192
189
184
184
190
196
200
200
201
201
201
202
202
211
218
222
224
224
223
220
217
219
220
220
223
228
231
232
232
234
242
249
253
254
254
252
253
253
253
254
254
254
254
254
254
254
255
255
255
255
255
254
254
254
255
255
255
255
254
254
254
254
254
254
254
254
254
255
255
255
255
255
255
255
255
255
255
255
255
255
255
255
255
255
255
255
255
255
255
255
255
255
255
255
255
255
255
255
255
255
255
255
255
255
255
255
255
255
255
255
255
255
255
255
255
255
255
255
255
255
255
255
255
255
255
255
255
255
255
255
255
255
255
255
255
255
255
255
255
255
255
255
255
255
255
255
255
255
255
255
255
255
255
255
255
255
255
255
255
255
255
255
255
255
255
255
255
255
255
255
255
255
255
255
255
255
255
255
255
255
255
255
255
254
254
254
254
255
254
254
253
253
253
253
252
250
248
231
204
163
132
109
106
115
120
127
136
143
144
145
150
156
162
165
171
177
179
177
173
172
176
181
188
191
192
190
187
189
196
201
203
203
201
199
197
196
195
203
211
217
223
225
225
223
221
223
221
219
224
229
232
230
227
228
234
242
248
252
254
254
253
253
254
254
254
254
254
254
254
255
255
254
254
254
254
255
255
255
255
255
255
255
254
255
254
255
254
255
254
254
254
255
255
255
255
255
255
255
255
255
255
255
255
255
255
255
255
255
255
255
255
255
255
255
255
255
255
255
255
255
255
255
255
255
255
255
255
255
255
255
255
255
255
255
255
255
255
255
255
255
255
255
255
255
255
255
255
255
255
255
255
255
255
255
255
255
255
255
255
255
255
255
255
255
255
255
255
255
255
255
255
255
255
255
255
255
255
255
255
255
255
255
255
255
255
255
255
255
255
255
255
255
255
255
255
255
255
255
255
255
255
255
255
255
255
255
255
254
254
254
254
255
254
254
253
252
251
254
254
251
249
247
243
231
192
143
118
116
117
122
128
134
136
139
145
153
162
170
174
176
177
174
171
170
177
184
191
190
185
186
190
195
198
200
204
203
201
199
196
195
194
196
201
210
220
225
227
227
226
226
223
221
225
230
232
230
227
227
229
232
238
244
250
253
253
253
253
254
254
254
255
255
255
255
255
254
254
254
254
254
254
254
254
254
254
254
254
255
255
255
255
255
255
255
255
255
255
255
255
255
255
255
255
255
255
255
255
255
255
255
255
255
255
255
255
255
255
255
255
255
255
255
255
255
255
255
255
255
255
255
255
255
255
255
255
255
255
255
255
255
255
255
255
255
255
255
255
255
255
255
255
255
255
255
255
255
255
255
255
255
255
255
255
255
255
255
255
255
255
255
255
255
255
255
255
255
255
255
255
255
255
255
255
255
255
255
255
255
255
255
255
255
255
255
255
255
255
255
255
255
255
255
255
255
255
255
255
255
255
255
255
254
254
254
254
255
254
254
253
253
253
253
252
252
253
251
247
248
239
213
179
143
115
108
114
122
125
129
134
141
152
163
167
167
169
167
166
167
174
180
187
183
178
182
191
195
194
195
201
201
201
200
200
199
199
194
195
204
214
222
225
227
227
227
226
225
227
229
231
229
228
229
227
226
228
236
244
249
252
252
253
253
254
254
254
254
255
255
254
254
254
254
254
254
254
254
254
254
254
254
254
255
255
255
255
255
255
255
255
255
255
255
255
255
255
255
255
255
255
255
255
255
255
255
255
255
255
255
255
255
255
255
255
255
255
255
255
255
255
255
255
255
255
255
255
255
255
255
255
255
255
255
255
255
255
255
255
255
255
255
255
255
255
255
255
255
255
255
255
255
255
255
255
255
255
255
255
255
255
255
255
255
255
255
255
255
255
255
255
255
255
255
255
255
255
255
255
255
255
255
255
255
255
255
255
255
255
255
255
255
255
255
255
255
255
255
255
255
255
255
255
255
255
255
255
254
254
254
254
254
255
254
254
253
253
253
252
253
252
252
252
245
250
247
235
196
153
125
114
116
119
121
123
127
138
150
154
155
160
161
161
164
170
177
180
179
180
185
190
193
193
193
198
199
201
202
204
206
207
198
195
201
209
215
220
223
225
227
228
229
229
228
228
230
230
230
227
225
226
231
236
240
249
252
252
253
253
254
254
254
254
254
254
254
254
254
254
254
254
253
253
254
254
254
254
255
255
254
254
254
254
254
254
255
255
255
255
255
255
255
255
255
255
255
255
255
255
255
255
255
255
255
255
255
255
255
255
255
255
255
255
255
255
255
255
255
255
255
255
255
255
255
255
255
255
255
255
255
255
255
255
255
255
255
255
255
255
255
255
255
255
255
255
255
255
255
255
255
255
255
255
255
255
255
255
255
255
255
255
255
255
255
255
255
255
255
255
255
255
255
255
255
255
255
255
255
255
255
255
255
255
255
255
255
255
255
255
255
255
255
255
255
255
255
255
255
255
255
255
254
254
254
254
254
255
254
254
254
253
250
250
253
254
254
253
251
252
249
249
239
219
176
138
116
119
120
118
118
128
141
146
149
155
160
161
164
171
178
176
181
189
193
193
193
195
196
195
197
200
204
208
211
213
203
198
201
205
210
215
217
220
226
230
231
230
227
226
229
230
229
228
228
228
229
230
230
245
251
252
252
253
252
254
254
254
254
254
254
254
254
254
254
254
254
254
254
254
254
254
255
255
254
254
254
254
254
254
255
255
255
255
255
255
255
255
255
255
255
255
255
255
255
255
255
255
255
255
255
255
255
255
255
255
255
255
255
255
255
255
255
255
255
255
255
255
255
255
255
255
255
255
255
255
255
255
255
255
255
255
255
255
255
255
255
255
255
255
255
255
255
255
255
255
255
255
255
255
255
255
255
255
255
255
255
255
255
255
255
255
255
255
255
255
255
255
255
255
255
255
255
255
255
255
255
255
255
255
255
255
255
255
255
255
255
255
255
255
255
255
255
255
255
255
254
254
254
254
254
255
254
254
254
253
252
252
253
254
254
254
254
253
252
252
252
246
226
204
155
130
121
126
125
121
129
142
144
141
148
159
166
171
175
174
177
183
191
198
199
196
192
192
197
203
208
210
209
208
206
206
206
206
206
207
208
208
225
228
230
230
229
230
232
233
233
232
232
230
229
229
228
236
239
242
246
250
252
254
254
253
253
253
254
254
254
254
252
252
253
254
254
254
254
254
255
255
254
254
254
253
252
254
255
255
255
255
255
255
255
255
255
255
255
255
255
255
255
255
255
255
255
255
255
255
255
255
255
255
255
255
255
255
255
255
255
255
255
255
255
255
255
255
255
255
255
255
255
255
255
255
255
255
255
255
255
255
255
255
255
255
255
255
255
255
255
255
255
255
255
255
255
255
255
255
255
255
255
255
255
255
255
255
255
255
255
255
255
255
255
255
255
255
255
255
255
255
255
255
255
255
255
255
255
255
255
255
255
255
255
255
255
255
255
255
255
255
255
255
254
254
254
254
255
255
255
254
254
254
254
254
254
254
254
254
254
254
254
254
251
248
245
239
201
167
141
134
129
126
131
140
144
146
151
156
161
166
172
174
174
178
187
198
201
196
191
192
198
204
208
209
208
205
209
212
212
211
210
208
207
207
220
221
224
227
230
232
234
234
232
232
232
231
230
229
229
230
231
234
239
243
247
250
251
253
253
253
254
254
254
254
253
253
254
254
254
254
255
255
255
255
254
254
253
253
253
254
255
255
255
255
255
255
255
255
255
255
255
255
255
255
255
255
255
255
255
255
255
255
255
255
255
255
255
255
255
255
255
255
255
255
255
255
255
255
255
255
255
255
255
255
255
255
255
255
255
255
255
255
255
255
255
255
255
255
255
255
255
255
255
255
255
255
255
255
255
255
255
255
255
255
255
255
255
255
255
255
255
255
255
255
255
255
255
255
255
255
255
255
255
255
255
255
255
255
255
255
255
255
255
255
255
255
255
255
255
255
255
255
255
255
255
255
254
254
255
255
255
255
255
255
254
254
254
254
254
254
254
254
254
254
254
254
252
250
249
246
235
217
186
151
129
127
135
135
139
150
154
155
161
171
177
175
174
177
185
194
198
196
193
195
198
202
206
208
208
207
211
214
214
213
213
213
212
212
213
215
217
222
226
230
232
232
230
230
230
230
231
230
231
228
228
231
233
236
240
242
244
251
252
253
254
254
254
254
253
254
254
254
254
253
253
253
254
253
254
254
254
254
254
254
255
255
255
255
255
255
255
255
255
255
255
255
255
255
255
255
255
255
255
255
255
255
255
255
255
255
255
255
255
255
255
255
255
255
255
255
255
255
255
255
255
255
255
255
255
255
255
255
255
255
255
255
255
255
255
255
255
255
255
255
255
255
255
255
255
255
255
255
255
255
255
255
255
255
255
255
255
255
255
255
255
255
255
255
255
255
255
255
255
255
255
255
255
255
255
255
255
255
255
255
255
255
255
255
255
255
255
255
255
255
255
255
255
255
255
255
255
255
255
255
255
255
255
255
255
255
254
254
254
254
254
254
253
253
253
254
253
252
252
251
250
246
228
186
145
128
129
129
132
141
145
151
164
173
174
173
173
175
181
188
193
194
195
196
197
199
202
205
206
208
210
211
211
212
213
213
214
214
209
210
213
217
221
225
227
228
229
230
230
231
232
233
233
227
227
228
229
231
232
233
235
244
245
247
249
251
253
253
253
253
253
253
253
253
252
253
253
253
253
254
253
253
253
253
255
255
255
255
255
255
255
255
255
255
255
255
255
255
255
255
255
255
255
255
255
255
255
255
255
255
255
255
255
255
255
255
255
255
255
255
255
255
255
255
255
255
255
255
255
255
255
255
255
255
255
255
255
255
255
255
255
255
255
255
255
255
255
255
255
255
255
255
255
255
255
255
255
255
255
255
255
255
255
255
255
255
255
255
255
255
255
255
255
255
255
255
255
255
255
255
255
255
255
255
255
255
255
255
255
255
255
255
255
255
255
255
255
255
255
255
255
255
255
255
255
254
254
255
255
255
254
255
255
255
255
255
253
252
253
254
254
254
254
254
253
252
246
223
189
157
136
126
125
130
136
144
151
158
161
168
169
172
176
181
187
191
193
194
195
197
198
202
204
206
206
206
208
209
211
213
215
216
210
211
213
215
217
219
220
223
226
227
228
229
231
231
232
228
227
228
228
229
229
230
230
233
234
238
242
246
248
250
250
250
251
251
252
253
252
253
253
253
254
254
253
252
251
252
255
255
255
255
255
255
255
255
255
255
255
255
255
255
255
255
255
255
255
255
255
255
255
255
255
255
255
255
255
255
255
255
255
255
255
255
255
255
255
255
255
255
255
255
255
255
255
255
255
255
255
255
255
255
255
255
255
255
255
255
255
255
255
255
255
255
255
255
255
255
255
255
255
255
255
255
255
255
255
255
255
255
255
255
255
255
255
255
255
255
255
255
255
255
255
255
255
255
255
255
255
255
255
255
255
255
255
255
255
255
255
255
255
255
255
255
255
255
255
255
255
254
254
255
254
254
254
254
254
255
255
254
252
252
253
254
254
255
254
254
253
253
251
245
234
211
178
149
131
122
122
127
131
142
155
159
163
168
172
175
179
184
188
189
191
192
195
198
200
201
203
204
206
209
212
216
219
219
215
215
215
215
215
216
215
217
222
222
223
224
225
226
226
227
227
228
228
228
229
229
229
228
230
232
235
237
239
241
243
244
245
247
249
250
252
252
253
254
254
254
254
254
253
253
255
255
255
255
255
255
255
255
255
255
255
255
255
255
255
255
255
255
255
255
255
255
255
255
255
255
255
255
255
255
255
255
255
255
255
255
255
255
255
255
255
255
255
255
255
255
255
255
255
255
255
255
255
255
255
255
255
255
255
255
255
255
255
255
255
255
255
255
255
255
255
255
255
255
255
255
255
255
255
255
255
255
255
255
255
255
255
255
255
255
255
255
255
255
255
255
255
255
255
255
255
255
255
255
255
255
255
255
255
255
255
255
255
255
255
255
255
255
254
255
255
254
254
254
254
254
254
254
254
254
254
254
253
252
253
254
254
255
254
254
251
254
253
252
252
247
229
202
173
143
122
117
120
131
144
148
155
164
169
169
172
177
180
182
185
189
192
194
195
194
198
202
204
209
213
217
220
222
219
219
218
218
217
217
217
218
220
220
220
220
220
220
221
224
225
225
226
227
228
229
229
230
231
231
231
231
231
231
234
237
239
240
242
244
246
247
249
250
252
253
254
255
255
255
255
255
255
255
255
255
255
255
255
255
255
255
255
255
255
255
255
255
255
255
255
255
255
255
255
255
255
255
255
255
255
255
255
255
255
255
255
255
255
255
255
255
255
255
255
255
255
255
255
255
255
255
255
255
255
255
255
255
255
255
255
255
255
255
255
255
255
255
255
255
255
255
255
255
255
255
255
255
255
255
255
255
255
255
255
255
255
255
255
255
255
255
255
255
255
255
255
255
255
255
255
255
255
255
255
255
255
255
255
255
255
255
255
255
255
255
255
255
254
255
255
255
255
254
253
254
254
254
254
254
254
254
253
253
253
254
254
254
253
253
252
253
253
252
250
251
252
245
226
194
157
131
122
123
126
138
149
161
166
166
166
170
173
175
181
187
191
192
191
188
192
196
199
205
210
214
218
220
219
220
220
222
222
222
222
224
225
225
223
223
222
221
221
221
221
222
223
225
227
227
229
230
231
230
230
229
230
230
231
232
233
233
233
234
234
235
238
240
243
246
250
253
254
254
254
254
254
254
254
255
255
255
255
255
255
255
255
255
255
255
255
255
255
255
255
255
255
255
255
255
255
255
255
255
255
255
255
255
254
254
254
254
254
254
255
255
255
255
255
255
255
255
255
255
255
255
255
255
255
255
255
255
255
255
255
255
255
255
255
255
255
255
255
255
255
255
255
255
255
255
255
255
255
255
255
255
255
255
255
255
255
255
255
255
255
255
255
255
255
255
255
255
255
255
255
255
255
255
255
255
255
255
255
255
255
255
255
255
255
255
255
255
255
255
255
255
255
254
254
254
254
254
254
255
255
254
254
253
254
254
254
254
254
254
254
253
251
252
249
249
253
251
247
236
208
170
139
123
121
131
143
158
162
163
164
164
165
169
175
181
187
189
188
186
185
188
194
200
206
210
215
218
218
219
221
223
225
226
227
229
230
230
228
228
226
225
225
222
221
222
221
223
224
225
226
227
228
228
229
230
232
232
231
229
229
228
227
227
226
226
227
227
230
234
239
245
248
249
249
251
252
253
254
254
255
255
255
255
254
254
254
254
254
254
255
255
254
254
254
255
255
255
255
255
255
255
255
255
255
254
255
254
254
254
254
254
254
254
254
255
255
255
255
255
255
255
255
255
255
255
255
255
255
255
255
255
255
255
255
255
255
255
255
255
255
255
255
255
255
255
255
255
255
255
255
255
255
255
255
255
255
255
255
255
255
255
255
255
255
255
255
255
255
255
255
255
255
255
255
255
255
255
255
255
255
255
255
255
255
255
255
255
255
255
255
255
255
255
255
255
255
254
254
254
255
255
255
255
255
255
255
255
254
254
255
255
255
255
255
255
255
255
255
255
255
254
253
253
248
220
174
135
122
123
132
149
149
155
162
155
153
160
163
168
174
180
185
189
182
183
192
200
204
206
211
216
216
218
220
224
226
228
230
229
228
228
229
228
228
228
228
227
226
224
221
221
222
223
224
226
226
226
227
228
229
230
229
229
228
228
228
227
227
226
228
226
225
225
227
231
235
236
235
239
243
246
249
252
253
253
254
253
253
253
253
252
252
254
255
254
253
253
254
254
254
254
254
254
253
253
253
255
254
253
254
253
253
253
253
253
253
253
254
254
254
253
254
254
255
255
255
255
255
255
255
255
255
255
255
255
255
255
255
255
255
255
255
255
255
255
255
255
255
255
255
255
255
255
255
255
255
255
255
255
255
255
255
255
255
255
255
255
255
255
255
255
255
255
255
255
255
255
255
255
255
255
255
255
255
255
255
255
255
255
255
255
255
255
255
255
255
255
255
255
255
255
255
255
255
255
255
255
255
255
255
255
255
255
255
255
255
255
255
255
255
255
255
255
255
253
252
254
253
248
231
194
150
129
124
133
136
144
152
150
154
155
156
159
164
170
176
181
179
183
192
198
200
202
205
209
213
216
220
224
226
228
229
229
228
229
228
229
228
228
228
227
226
223
221
220
221
222
223
225
227
228
228
230
231
232
231
230
230
230
229
229
229
229
230
230
229
229
229
228
230
231
230
227
225
227
235
245
251
250
250
251
252
253
253
253
253
254
255
255
255
254
255
255
254
254
255
252
251
251
253
254
253
253
253
253
253
252
253
253
250
251
252
252
253
253
253
254
255
255
255
255
255
255
255
255
255
255
255
255
255
255
255
255
255
255
255
255
255
255
255
255
255
255
255
255
255
255
255
255
255
255
255
255
255
255
255
255
255
255
255
255
255
255
255
255
255
255
255
255
255
255
255
255
255
255
255
255
255
255
255
255
255
255
255
255
255
255
255
255
255
255
255
255
255
255
255
255
255
255
255
255
255
255
255
255
255
255
255
255
255
255
255
255
255
255
255
255
255
252
252
254
254
253
251
239
212
162
123
111
126
145
149
150
163
164
163
163
167
173
181
188
183
183
192
197
197
196
199
203
208
213
218
223
226
227
227
227
228
228
228
228
228
227
227
227
225
222
220
219
220
221
222
227
227
229
230
231
232
232
231
229
229
229
229
228
228
228
228
229
230
231
231
229
228
228
226
221
215
215
221
231
240
248
252
253
253
253
253
253
252
254
254
254
255
254
254
253
252
252
253
254
254
254
253
253
251
251
251
251
251
251
251
251
251
252
252
253
254
253
253
253
255
255
255
255
255
255
255
255
255
255
255
255
255
255
255
255
255
255
255
255
255
255
255
255
255
255
255
255
255
255
255
255
255
255
255
255
255
255
255
255
255
255
255
255
255
255
255
255
255
255
255
255
255
255
255
255
255
255
255
255
255
255
255
255
255
255
255
255
255
255
255
255
255
255
255
255
255
255
255
255
255
255
255
255
255
255
255
255
255
255
255
255
255
255
255
255
255
255
255
255
255
254
253
254
254
253
250
250
249
220
173
133
114
125
139
139
149
164
162
160
162
168
177
185
184
186
193
196
196
194
195
198
202
207
214
220
223
225
225
225
227
227
227
227
227
227
227
226
224
221
218
218
219
220
222
227
228
229
230
232
233
233
231
228
228
228
227
227
227
226
224
227
229
231
230
229
226
222
213
215
218
219
221
221
222
237
247
248
249
251
252
252
254
251
252
253
253
253
251
249
249
251
252
252
252
251
248
245
244
244
244
244
244
244
244
246
251
252
253
254
255
255
253
254
255
255
255
255
255
255
255
255
255
255
255
255
255
255
255
255
255
255
255
255
255
255
255
255
255
255
255
255
255
255
255
255
255
255
255
255
255
255
255
255
255
255
255
255
255
255
255
255
255
255
255
255
255
255
255
255
255
255
255
255
255
255
255
255
255
255
255
255
255
255
255
255
255
255
255
255
255
255
255
255
255
255
255
255
255
255
255
255
255
255
255
255
255
255
255
255
255
255
255
255
255
253
248
247
252
254
250
250
251
251
241
204
134
110
133
144
148
161
158
155
157
163
171
178
182
186
193
196
194
192
193
196
197
201
207
213
217
221
222
224
227
227
227
227
227
227
227
225
223
219
217
216
217
219
221
227
227
228
229
230
232
232
232
230
230
230
230
230
228
229
228
229
229
228
227
223
218
212
201
208
218
225
227
226
223
224
226
231
237
244
249
251
252
250
253
254
254
253
252
249
249
251
249
246
243
238
233
230
232
233
233
233
234
234
234
235
243
246
250
253
254
255
254
255
255
255
255
255
255
255
255
255
255
255
255
255
255
255
255
255
255
255
255
255
255
255
255
255
255
255
255
255
255
255
255
255
255
255
255
255
255
255
255
255
255
255
255
255
255
255
255
255
255
255
255
255
255
255
255
255
255
255
255
255
255
255
255
255
255
255
255
255
255
255
255
255
255
255
255
255
255
255
255
255
255
255
255
255
255
255
255
255
255
255
255
255
255
255
255
255
255
255
255
255
254
251
249
253
255
255
255
251
248
249
252
250
205
147
127
136
157
162
161
159
161
166
172
177
178
182
189
192
190
188
189
192
192
194
198
202
209
214
218
222
225
226
226
226
226
226
226
224
221
218
216
215
216
218
219
225
225
227
228
229
229
230
231
232
232
232
232
231
231
231
231
231
229
225
220
213
208
207
212
215
219
223
224
224
223
218
216
220
225
231
237
240
244
251
253
253
253
253
251
249
245
239
231
222
218
219
225
231
231
230
231
231
231
232
232
231
222
229
240
249
254
254
255
255
255
255
255
255
255
255
255
255
255
255
255
255
255
255
255
255
255
255
255
255
255
255
255
255
255
255
255
255
255
255
255
255
255
255
255
255
255
255
255
255
255
255
255
255
255
255
255
255
255
255
255
255
255
255
255
255
255
255
255
255
255
255
255
255
255
255
255
255
255
255
255
255
255
255
255
255
255
255
255
255
255
255
255
255
255
255
255
255
255
255
255
255
255
255
255
255
255
255
255
255
255
252
251
253
254
251
253
253
253
248
247
252
248
202
146
122
137
151
152
153
154
158
162
164
167
172
179
183
182
181
183
186
188
188
188
192
199
208
215
220
223
224
225
224
225
225
225
223
220
217
215
214
215
217
218
223
223
224
224
225
226
227
228
229
228
227
227
226
226
226
226
224
222
218
214
212
211
213
222
222
222
222
222
221
220
222
223
223
225
226
227
228
228
244
248
250
252
251
248
243
235
223
220
216
214
217
221
225
226
226
226
227
227
228
228
227
218
226
237
246
252
254
254
254
255
255
255
255
255
255
255
255
255
255
255
255
255
255
255
255
255
255
255
255
255
255
255
255
255
255
255
255
255
255
255
255
255
255
255
255
255
255
255
255
255
255
255
255
255
255
255
255
255
255
255
255
255
255
255
255
255
255
255
255
255
255
255
255
255
255
255
255
255
255
255
255
255
255
255
255
255
255
255
255
255
255
255
255
255
255
255
255
255
255
255
255
255
255
255
255
255
255
255
255
255
253
252
251
251
253
253
252
252
252
252
254
252
245
222
168
137
144
145
147
151
152
154
155
158
165
172
177
177
175
178
181
187
184
183
186
192
204
214
220
223
224
224
225
224
225
224
222
220
217
214
213
214
216
217
221
221
222
222
223
225
225
223
220
221
220
219
219
219
218
215
213
211
211
212
216
219
219
214
217
221
224
225
225
225
224
225
225
227
229
231
232
233
234
238
243
246
245
240
234
230
229
231
231
228
219
209
201
209
213
213
214
214
215
215
216
229
234
242
248
251
250
247
250
255
255
255
255
255
255
255
255
255
255
255
255
255
255
255
255
255
255
255
255
255
255
255
255
255
255
255
255
255
255
255
255
255
255
255
255
255
255
255
255
255
255
255
255
255
255
255
255
255
255
255
255
255
255
255
255
255
255
255
255
255
255
255
255
255
255
255
255
255
255
255
255
255
255
255
255
255
255
255
255
255
255
255
255
255
255
255
255
255
255
255
255
255
255
255
255
255
255
255
255
254
253
253
253
254
254
253
252
252
252
253
250
251
251
245
218
175
138
138
145
157
160
160
164
164
164
168
172
177
182
186
190
185
182
180
178
183
191
197
205
213
217
221
223
224
223
223
212
209
210
211
213
215
217
218
221
221
220
219
219
218
218
215
211
211
212
212
212
213
213
220
221
220
220
221
221
222
222
222
223
224
225
226
227
228
229
230
231
232
234
234
235
237
238
239
238
239
238
236
235
233
232
234
232
228
220
209
200
208
212
213
215
218
220
222
225
244
244
245
242
242
251
251
251
255
255
255
255
255
255
255
255
255
255
255
255
255
255
255
255
255
255
255
255
255
255
255
255
255
255
255
255
255
255
255
255
255
255
255
255
255
255
255
255
255
255
255
255
255
255
255
255
255
255
255
255
255
255
255
255
255
255
255
255
255
255
255
255
255
255
255
255
255
255
255
255
255
255
255
255
255
255
255
255
255
255
255
255
255
255
255
255
255
255
255
255
255
255
255
255
255
255
255
255
255
253
253
253
255
254
253
252
252
251
252
251
251
253
251
241
219
186
140
146
158
159
169
173
169
171
173
177
181
186
190
193
187
184
180
179
180
183
187
193
201
204
208
211
213
215
215
209
208
209
211
213
215
217
218
221
220
220
219
218
217
217
214
211
211
211
212
212
213
213
220
221
221
221
222
222
223
223
223
224
224
225
226
227
227
229
231
231
233
234
235
236
237
239
239
238
238
237
236
235
234
233
233
233
229
222
213
205
214
219
221
223
225
227
229
231
240
241
242
239
239
247
251
252
255
255
255
255
255
255
255
255
255
255
255
255
255
255
255
255
255
255
255
255
255
255
255
255
255
255
255
255
255
255
255
255
255
255
255
255
255
255
255
255
255
255
255
255
255
255
255
255
255
255
255
255
255
255
255
255
255
255
255
255
255
255
255
255
255
255
255
255
255
255
255
255
255
255
255
255
255
255
255
255
255
255
255
255
255
255
255
255
255
255
255
255
255
255
255
255
255
255
255
255
255
254
253
253
254
254
254
253
253
252
253
253
252
254
252
250
245
230
184
153
153
160
173
177
178
179
181
184
187
190
192
192
189
187
184
181
178
178
177
181
186
188
190
194
199
203
206
207
208
209
211
213
215
217
218
222
221
220
219
219
218
217
214
212
213
213
213
213
214
214
218
218
220
222
222
224
225
225
224
224
225
226
226
227
228
230
232
233
234
234
235
237
238
239
239
238
237
237
236
235
233
231
233
233
231
227
221
215
222
226
226
228
230
231
233
234
233
236
238
238
236
239
247
253
255
255
255
255
255
255
255
255
255
255
255
255
255
255
255
255
255
255
255
255
255
255
255
255
255
255
255
255
255
255
255
255
255
255
255
255
255
255
255
255
255
255
255
255
255
255
255
255
255
255
255
255
255
255
255
255
255
255
255
255
255
255
255
255
255
255
255
255
255
255
255
255
255
255
255
255
255
255
255
255
255
255
255
255
255
255
255
255
255
255
255
255
255
255
255
255
255
255
255
255
255
254
254
254
255
255
254
254
253
253
254
254
254
253
254
253
251
247
231
190
153
157
168
179
182
183
186
188
189
190
189
189
190
188
187
184
181
178
176
176
178
178
181
184
190
197
203
206
207
209
211
213
215
217
218
222
221
221
220
220
219
218
216
214
214
214
215
215
216
216
216
216
218
221
223
225
227
227
227
227
228
229
229
230
230
232
232
233
235
236
236
238
239
239
239
237
238
237
235
235
233
231
233
233
233
231
227
224
227
228
229
230
231
232
233
233
232
236
236
237
234
231
242
253
255
255
255
255
255
255
255
255
255
255
255
255
255
255
255
255
255
255
255
255
255
255
255
255
255
255
255
255
255
255
255
255
255
255
255
255
255
255
255
255
255
255
255
255
255
255
255
255
255
255
255
255
255
255
255
255
255
255
255
255
255
255
255
255
255
255
255
255
255
255
255
255
255
255
255
255
255
255
255
255
255
255
255
255
255
255
255
255
255
255
255
255
255
255
255
255
255
255
255
255
255
255
254
254
255
254
255
254
254
254
254
254
255
254
254
251
250
251
248
231
185
153
163
175
180
183
185
188
188
187
185
183
187
187
186
185
184
182
180
179
178
179
180
185
191
199
204
206
208
209
211
213
215
217
218
222
222
221
220
220
219
218
217
216
217
217
217
218
218
218
215
216
218
221
223
226
227
229
230
231
231
232
233
234
235
234
233
234
236
236
237
238
240
239
239
238
238
237
235
235
233
231
232
234
235
234
233
231
231
231
231
231
232
232
233
233
234
238
236
235
232
227
240
253
254
255
255
255
255
255
255
255
255
255
255
255
255
255
255
255
255
255
255
255
255
255
255
255
255
255
255
255
255
255
255
255
255
255
255
255
255
255
255
255
255
255
255
255
255
255
255
255
255
255
255
255
255
255
255
255
255
255
255
255
255
255
255
255
255
255
255
255
255
255
255
255
255
255
255
255
255
255
255
255
255
255
255
255
255
255
255
255
255
255
255
255
255
255
255
255
255
255
255
255
255
255
254
254
255
254
254
254
254
254
250
251
254
255
254
250
249
252
250
248
226
178
156
168
177
179
183
187
187
186
182
179
183
182
183
182
183
183
184
183
183
184
186
190
195
201
205
206
207
209
211
213
215
217
218
223
222
222
220
220
220
219
218
218
219
219
219
220
220
220
217
217
219
221
223
225
227
228
232
232
233
233
234
235
236
235
234
235
236
237
238
239
240
238
239
238
238
237
236
235
234
231
233
234
235
235
235
234
234
234
234
234
233
233
234
233
237
237
233
229
227
229
242
252
254
255
255
255
255
255
255
255
255
255
255
255
255
255
255
255
255
255
255
255
255
255
255
255
255
255
255
255
255
255
255
255
255
255
255
255
255
255
255
255
255
255
255
255
255
255
255
255
255
255
255
255
255
255
255
255
255
255
255
255
255
255
255
255
255
255
255
255
255
255
255
255
255
255
255
255
255
255
255
255
255
255
255
255
255
255
255
255
255
255
255
255
255
255
255
255
255
255
255
255
255
254
254
254
255
254
254
253
253
253
248
249
254
254
254
251
251
251
250
248
247
215
166
162
174
176
182
186
188
186
182
179
180
178
176
175
176
179
182
183
185
187
190
194
197
200
201
206
208
209
210
213
215
217
218
223
223
222
221
220
220
219
219
219
220
220
220
221
221
222
220
220
221
222
223
223
224
226
230
230
230
232
232
233
234
234
234
235
237
238
239
240
240
238
238
237
237
237
236
235
234
231
232
233
234
234
235
235
234
234
233
233
233
232
231
231
234
230
224
218
220
233
247
252
254
255
255
255
255
255
255
255
255
255
255
255
255
255
255
255
255
255
255
255
255
255
255
255
255
255
255
255
255
255
255
255
255
255
255
255
255
255
255
255
255
255
255
255
255
255
255
255
255
255
255
255
255
255
255
255
255
255
255
255
255
255
255
255
255
255
255
255
255
255
255
255
255
255
255
255
255
255
255
255
255
255
255
255
255
255
255
255
255
255
255
255
255
255
255
255
255
255
255
255
255
254
254
254
255
254
254
253
253
253
251
252
254
254
251
252
253
251
251
250
251
238
197
163
166
175
182
188
190
189
184
181
178
175
170
167
167
172
176
180
183
187
191
194
196
195
195
204
207
209
210
213
215
217
218
223
223
222
222
220
220
219
219
220
220
221
221
222
222
223
222
222
222
222
222
222
222
223
226
226
227
228
228
229
230
232
234
235
236
238
238
239
240
238
237
237
237
236
235
234
233
232
231
232
232
232
233
234
231
230
228
228
227
226
226
225
229
221
213
206
214
238
249
252
254
255
255
255
255
255
255
255
255
255
255
255
255
255
255
255
255
255
255
255
255
255
255
255
255
255
255
255
255
255
255
255
255
255
255
255
255
255
255
255
255
255
255
255
255
255
255
255
255
255
255
255
255
255
255
255
255
255
255
255
255
255
255
255
255
255
255
255
255
255
255
255
255
255
255
255
255
255
255
255
255
255
255
255
255
255
255
255
255
255
255
255
255
255
255
255
255
255
255
255
255
254
254
254
255
254
254
254
254
253
254
254
254
254
252
253
254
252
252
253
249
247
233
186
157
167
187
193
196
193
195
186
179
177
173
171
171
173
176
180
185
188
191
192
194
193
194
203
207
208
210
212
215
216
218
223
222
222
222
220
220
220
219
219
219
220
220
221
222
222
221
222
222
222
221
221
221
222
225
224
224
224
226
227
228
231
233
234
236
236
236
235
236
232
233
233
232
231
228
225
223
221
225
225
223
226
230
231
228
225
223
221
221
220
220
219
217
204
198
207
226
245
249
250
254
255
255
255
255
255
255
255
255
255
255
255
255
255
255
255
255
255
255
255
255
255
255
255
255
255
255
255
255
255
255
255
255
255
255
255
255
255
255
255
255
255
255
255
255
255
255
255
255
255
255
255
255
255
255
255
255
255
255
255
255
255
255
255
255
255
255
255
255
255
255
255
255
255
255
255
255
255
255
255
255
255
255
255
255
255
255
255
255
255
255
255
255
255
255
255
255
255
255
255
255
255
255
255
255
255
254
254
254
254
254
254
254
255
255
255
254
251
251
252
247
249
251
220
168
160
187
194
200
199
204
193
191
190
190
189
189
189
189
190
191
191
192
193
193
194
194
202
206
207
209
212
215
216
218
222
222
222
221
221
221
220
219
218
218
219
219
219
220
220
219
219
220
221
221
221
221
222
224
223
222
222
223
226
228
229
230
232
234
234
233
232
231
227
227
227
226
223
219
215
213
213
215
216
217
219
221
223
223
219
215
212
212
210
207
203
196
195
205
226
245
251
249
251
254
255
255
255
255
255
255
255
255
255
255
255
255
255
255
255
255
255
255
255
255
255
255
255
255
255
255
255
255
255
255
255
255
255
255
255
255
255
255
255
255
255
255
255
255
255
255
255
255
255
255
255
255
255
255
255
255
255
255
255
255
255
255
255
255
255
255
255
255
255
255
255
255
255
255
255
255
255
255
255
255
255
255
255
255
255
255
255
255
255
255
255
255
255
255
255
255
255
255
255
255
255
255
255
255
255
255
255
255
255
255
255
255
255
255
255
254
250
250
252
251
251
253
242
197
164
177
188
199
202
203
200
208
207
207
207
207
206
206
203
197
197
197
197
196
196
196
203
206
208
210
213
215
217
219
221
222
221
221
221
220
220
219
217
217
218
218
218
217
218
217
217
217
219
220
221
221
222
222
221
220
220
221
223
227
227
228
230
232
232
231
229
227
225
224
221
219
216
214
212
212
212
209
211
214
212
209
212
211
205
197
192
193
192
190
186
193
211
232
246
252
253
254
254
255
255
255
255
255
255
255
255
255
255
255
255
255
255
255
255
255
255
255
255
255
255
255
255
255
255
255
255
255
255
255
255
255
255
255
255
255
255
255
255
255
255
255
255
255
255
255
255
255
255
255
255
255
255
255
255
255
255
255
255
255
255
255
255
255
255
255
255
255
255
255
255
255
255
255
255
255
255
255
255
255
255
255
255
255
255
255
255
255
255
255
255
255
255
255
255
255
255
255
255
255
255
255
255
255
255
255
255
255
255
255
255
255
255
255
255
254
252
251
253
252
252
252
251
223
173
166
180
196
204
202
208
214
215
214
215
214
213
212
210
207
207
205
204
203
202
200
205
207
209
211
214
216
218
219
221
221
221
220
220
220
220
218
217
217
216
216
215
215
215
213
213
214
216
218
220
220
221
220
219
217
217
219
222
224
225
225
227
230
230
228
226
224
223
220
216
213
211
210
210
209
209
208
209
209
207
203
200
192
189
186
183
183
190
201
207
224
237
249
252
252
253
254
254
255
255
255
255
255
255
255
255
255
255
255
255
255
255
255
255
255
255
255
255
255
255
255
255
255
255
255
255
255
255
255
255
255
255
255
255
255
255
255
255
255
255
255
255
255
255
255
255
255
255
255
255
255
255
255
255
255
255
255
255
255
255
255
255
255
255
255
255
255
255
255
255
255
255
255
255
255
255
255
255
255
255
255
255
255
255
255
255
255
255
255
255
255
255
255
255
255
255
255
255
255
255
255
255
255
255
255
255
255
255
255
255
255
255
255
255
254
253
254
254
252
252
249
249
238
187
161
172
190
205
202
214
215
216
217
217
217
215
213
213
213
212
211
210
207
206
204
207
209
210
213
215
218
220
220
221
221
221
221
220
220
219
217
217
216
214
213
212
212
211
209
209
210
212
214
215
217
217
218
216
215
215
216
219
222
222
223
225
227
227
226
223
221
222
219
214
209
208
208
208
206
205
207
207
206
206
199
184
184
195
207
213
214
221
237
246
251
251
253
253
252
252
253
254
255
255
255
255
255
255
255
255
255
255
255
255
255
255
255
255
255
255
255
255
255
255
255
255
255
255
255
255
255
255
255
255
255
255
255
255
255
255
255
255
255
255
255
255
255
255
255
255
255
255
255
255
255
255
255
255
255
255
255
255
255
255
255
255
255
255
255
255
255
255
255
255
255
255
255
255
255
255
255
255
255
255
255
255
255
255
255
255
255
255
255
255
255
255
255
255
255
255
255
255
255
255
255
255
255
255
255
255
255
255
255
255
255
255
255
255
254
251
254
252
251
253
249
247
245
205
165
166
184
202
202
215
215
217
219
220
220
217
214
212
212
211
210
208
207
205
204
208
210
212
214
217
219
221
221
221
220
220
220
219
219
219
217
216
215
213
211
209
208
207
206
205
205
206
208
208
209
209
213
211
210
210
211
214
217
218
220
222
224
224
222
220
218
219
216
212
208
206
206
205
204
202
203
202
199
197
189
180
207
229
242
248
248
248
250
248
252
253
254
254
253
252
252
254
255
255
255
255
255
255
255
255
255
255
255
255
255
255
255
255
255
255
255
255
255
255
255
255
255
255
255
255
255
255
255
255
255
255
255
255
255
255
255
255
255
255
255
255
255
255
255
255
255
255
255
255
255
255
255
255
255
255
255
255
255
255
255
255
255
255
255
255
255
255
255
255
255
255
255
255
255
255
255
255
255
255
255
255
255
255
255
255
255
255
255
255
255
255
255
255
255
255
255
255
255
255
255
255
255
255
255
255
255
255
255
255
255
255
255
255
252
248
253
251
250
253
252
248
247
226
175
162
177
196
204
213
213
216
220
220
220
217
213
210
208
207
207
206
206
205
205
209
211
213
215
218
220
221
222
220
220
220
219
219
219
219
217
215
213
212
209
207
205
203
203
202
201
200
200
198
198
199
204
202
201
200
202
205
207
211
214
216
217
218
216
214
213
213
210
208
206
204
203
202
201
198
195
192
185
178
187
208
240
252
252
253
253
253
250
245
252
254
254
253
251
251
252
253
255
255
255
255
255
255
255
255
255
255
255
255
255
255
255
255
255
255
255
255
255
255
255
255
255
255
255
255
255
255
255
255
255
255
255
255
255
255
255
255
255
255
255
255
255
255
255
255
255
255
255
255
255
255
255
255
255
255
255
255
255
255
255
255
255
255
255
255
255
255
255
255
255
255
255
255
255
255
255
255
255
255
255
255
255
255
255
255
255
255
255
255
255
255
255
255
255
255
255
255
255
255
255
255
255
255
255
255
255
255
255
255
255
255
255
255
253
250
254
253
252
253
253
252
249
240
186
160
171
191
205
210
212
215
219
221
220
217
212
209
209
209
210
211
211
211
211
211
212
214
216
219
220
222
223
220
220
220
219
219
218
218
216
214
213
211
208
204
203
201
201
199
198
196
193
191
190
190
192
191
190
189
190
193
196
201
205
207
209
209
208
206
204
204
203
204
203
201
199
196
192
186
182
180
182
192
216
241
252
253
251
254
255
254
254
253
254
253
253
252
249
249
251
253
255
255
255
255
255
255
255
255
255
255
255
255
255
255
255
255
255
255
255
255
255
255
255
255
255
255
255
255
255
255
255
255
255
255
255
255
255
255
255
255
255
255
255
255
255
255
255
255
255
255
255
255
255
255
255
255
255
255
255
255
255
255
255
255
255
255
255
255
255
255
255
255
255
255
255
255
255
255
255
255
255
255
255
255
255
255
255
255
255
255
255
255
255
255
255
255
255
255
255
255
255
255
255
255
255
255
255
255
255
255
255
255
255
255
255
255
254
253
254
254
254
253
253
253
250
246
195
161
168
185
205
208
214
218
221
223
222
219
215
213
214
215
215
217
218
218
218
214
213
215
217
219
221
222
222
218
219
219
219
218
217
217
216
214
213
210
205
201
201
201
199
198
195
192
188
185
182
182
185
183
181
181
183
186
189
194
198
200
201
202
200
199
197
197
197
198
199
196
193
188
182
174
173
179
202
234
249
252
254
255
255
255
255
254
251
251
252
253
254
253
253
252
252
253
255
255
255
255
255
255
255
255
255
255
255
255
255
255
255
255
255
255
255
255
255
255
255
255
255
255
255
255
255
255
255
255
255
255
255
255
255
255
255
255
255
255
255
255
255
255
255
255
255
255
255
255
255
255
255
255
255
255
255
255
255
255
255
255
255
255
255
255
255
255
255
255
255
255
255
255
255
255
255
255
255
255
255
255
255
255
255
255
255
255
255
255
255
255
255
255
255
255
255
255
255
255
255
255
255
255
255
255
255
255
255
255
255
255
255
255
254
254
254
254
254
254
254
254
250
244
216
169
162
176
203
210
214
215
217
219
219
219
218
218
219
219
219
219
219
219
219
217
217
217
218
218
218
218
217
210
213
216
217
218
216
214
213
213
211
204
194
190
197
207
196
193
191
187
183
180
177
178
185
183
181
181
184
187
190
191
191
190
190
189
188
188
188
181
183
183
183
181
180
178
181
192
210
231
247
252
253
254
255
254
254
254
255
255
254
254
254
254
254
254
254
254
254
254
255
255
255
255
255
255
255
255
255
255
255
255
255
255
255
255
255
255
255
255
255
255
255
255
255
255
255
255
255
255
255
255
255
255
255
255
255
255
255
255
255
255
255
255
255
255
255
255
255
255
255
255
255
255
255
255
255
255
255
255
255
255
255
255
255
255
255
255
255
255
255
255
255
255
255
255
255
255
255
255
255
255
255
255
255
255
255
255
255
255
255
255
255
255
255
255
255
255
255
255
255
255
255
255
255
255
255
255
255
255
255
255
255
255
255
255
255
253
254
254
254
254
254
254
252
249
222
162
153
181
204
196
206
211
219
224
224
222
218
218
220
220
220
220
220
220
220
219
218
218
218
218
218
218
217
211
214
216
218
217
215
213
210
205
198
196
201
204
199
192
186
187
187
187
187
188
188
189
192
191
190
190
190
191
192
198
198
196
192
187
183
179
177
171
171
174
180
188
197
205
220
241
246
250
252
253
254
252
253
254
254
254
254
255
255
254
255
255
254
255
255
255
255
255
255
255
255
255
255
255
255
255
255
255
255
255
255
255
255
255
255
255
255
255
255
255
255
255
255
255
255
255
255
255
255
255
255
255
255
255
255
255
255
255
255
255
255
255
255
255
255
255
255
255
255
255
255
255
255
255
255
255
255
255
255
255
255
255
255
255
255
255
255
255
255
255
255
255
255
255
255
255
255
255
255
255
255
255
255
255
255
255
255
255
255
255
255
255
255
255
255
255
255
255
255
255
255
255
255
255
255
255
255
255
255
255
255
255
255
255
254
253
254
254
255
254
254
254
253
249
229
185
165
153
168
189
209
211
215
219
222
224
224
223
222
222
222
222
222
222
222
220
220
220
219
219
218
218
216
213
215
217
218
217
215
213
210
205
198
194
197
199
199
196
190
189
190
190
191
192
193
193
191
197
207
217
227
233
236
238
238
235
230
225
220
215
213
215
219
225
233
239
243
246
249
251
251
250
249
248
248
249
253
253
254
254
254
255
255
255
255
255
255
255
254
254
254
254
254
255
255
255
255
255
255
255
255
255
255
255
255
255
255
255
255
255
255
255
255
255
255
255
255
255
255
255
255
255
255
255
255
255
255
255
255
255
255
255
255
255
255
255
255
255
255
255
255
255
255
255
255
255
255
255
255
255
255
255
255
255
255
255
255
255
255
255
255
255
255
255
255
255
255
255
255
255
255
255
255
255
255
255
255
255
255
255
255
255
255
255
255
255
255
255
255
255
255
255
255
255
255
255
255
255
255
255
255
255
255
255
255
255
255
255
255
254
254
254
255
254
254
254
250
250
239
177
146
157
187
203
210
211
214
217
221
225
227
227
224
224
224
224
224
224
224
223
223
222
220
219
218
217
217
215
217
218
218
217
214
211
211
210
207
200
194
192
194
197
192
194
196
200
203
207
209
214
223
229
238
245
249
251
252
252
252
252
251
252
252
251
250
249
252
253
253
253
253
252
252
253
252
250
250
251
251
252
253
253
253
254
254
254
255
255
255
255
255
254
254
254
253
254
254
255
255
255
255
255
255
255
255
255
255
255
255
255
255
255
255
255
255
255
255
255
255
255
255
255
255
255
255
255
255
255
255
255
255
255
255
255
255
255
255
255
255
255
255
255
255
255
255
255
255
255
255
255
255
255
255
255
255
255
255
255
255
255
255
255
255
255
255
255
255
255
255
255
255
255
255
255
255
255
255
255
255
255
255
255
255
255
255
255
255
255
255
255
255
255
255
255
255
255
255
255
255
255
255
255
255
255
255
255
255
255
255
255
255
255
255
254
254
254
254
254
254
255
254
252
243
187
163
176
190
196
204
210
218
224
227
227
225
225
226
227
226
227
227
227
227
226
225
224
222
220
218
216
216
217
218
220
219
217
213
210
210
211
206
202
199
194
189
184
196
201
209
218
228
238
243
247
250
252
253
253
253
250
246
249
251
252
253
254
254
254
254
254
254
251
249
249
251
253
254
254
254
253
253
253
253
253
253
253
253
254
254
255
255
255
255
255
255
255
254
254
254
254
254
255
255
255
255
255
255
255
255
255
255
255
255
255
255
255
255
255
255
255
255
255
255
255
255
255
255
255
255
255
255
255
255
255
255
255
255
255
255
255
255
255
255
255
255
255
255
255
255
255
255
255
255
255
255
255
255
255
255
255
255
255
255
255
255
255
255
255
255
255
255
255
255
255
255
255
255
255
255
255
255
255
255
255
255
255
255
255
255
255
255
255
255
255
255
255
255
255
255
255
255
255
255
255
255
255
255
255
255
255
255
255
255
255
255
255
255
254
254
254
254
254
254
254
254
252
244
203
178
165
163
185
209
213
219
224
226
227
226
227
229
230
230
230
230
230
230
228
226
225
223
220
218
216
215
219
220
220
220
216
212
209
207
206
204
199
192
190
193
199
223
228
234
241
248
252
253
254
254
254
254
254
254
253
253
253
254
254
254
254
254
254
254
255
255
254
254
253
253
255
253
251
253
255
254
254
253
251
252
253
253
254
255
255
254
254
254
254
254
255
254
254
254
254
254
255
255
255
255
255
255
255
255
255
255
255
255
255
255
255
255
255
255
255
255
255
255
255
255
255
255
255
255
255
255
255
255
255
255
255
255
255
255
255
255
255
255
255
255
255
255
255
255
255
255
255
255
255
255
255
255
255
255
255
255
255
255
255
255
255
255
255
255
255
255
255
255
255
255
255
255
255
255
255
255
255
255
255
255
255
255
255
255
255
255
255
255
255
255
255
255
255
255
255
255
255
255
255
255
255
255
255
255
255
255
255
255
255
255
255
255
254
254
254
254
254
254
254
249
250
248
183
152
170
186
200
216
218
219
221
223
225
227
229
230
231
231
231
231
231
231
229
228
226
224
221
218
216
215
221
221
220
219
216
212
209
204
201
200
196
192
198
217
232
246
248
250
253
254
253
253
254
254
254
254
254
254
254
254
254
255
254
255
254
253
253
253
252
253
254
254
254
251
247
246
250
252
253
253
253
252
253
254
253
253
254
255
254
253
253
253
253
254
254
255
254
254
254
255
255
255
255
255
255
255
255
255
255
255
255
255
255
255
255
255
255
255
255
255
255
255
255
255
255
255
255
255
255
255
255
255
255
255
255
255
255
255
255
255
255
255
255
255
255
255
255
255
255
255
255
255
255
255
255
255
255
255
255
255
255
255
255
255
255
255
255
255
255
255
255
255
255
255
255
255
255
255
255
255
255
255
255
255
255
255
255
255
255
255
255
255
255
255
255
255
255
255
255
255
255
255
255
255
255
255
255
255
255
255
255
255
255
255
255
255
254
254
254
254
254
254
254
254
250
246
200
183
192
192
204
215
219
223
226
227
225
222
225
232
233
233
233
233
233
233
230
229
227
224
221
218
215
214
220
221
221
219
216
212
207
204
198
191
193
208
227
242
248
252
253
254
253
252
250
250
251
253
252
251
251
252
254
254
254
254
254
254
254
254
254
254
250
250
250
252
254
253
253
253
253
253
252
251
250
251
252
254
254
254
255
255
254
254
253
253
253
254
254
255
255
255
255
255
255
255
255
255
255
255
255
255
255
255
255
255
255
255
255
255
255
255
255
255
255
255
255
255
255
255
255
255
255
255
255
255
255
255
255
255
255
255
255
255
255
255
255
255
255
255
255
255
255
255
255
255
255
255
255
255
255
255
255
255
255
255
255
255
255
255
255
255
255
255
255
255
255
255
255
255
255
255
255
255
255
255
255
255
255
255
255
255
255
255
255
255
255
255
255
255
255
255
255
255
255
255
255
255
255
255
255
255
255
255
255
255
255
255
255
255
254
254
254
254
254
254
254
254
251
250
210
187
190
193
203
213
216
221
226
229
229
228
232
237
237
236
236
235
234
234
231
228
226
223
223
222
222
222
224
222
221
221
220
215
206
195
186
193
220
239
247
249
253
254
255
254
253
253
252
252
253
254
254
253
253
254
254
254
255
255
255
255
255
255
255
255
253
253
253
254
254
255
255
255
254
254
254
253
253
253
254
254
255
255
255
255
255
254
254
254
254
254
255
255
255
255
255
255
255
255
255
255
255
255
255
255
255
255
255
255
255
255
255
255
255
255
255
255
255
255
255
255
255
255
255
255
255
255
255
255
255
255
255
255
255
255
255
255
255
255
255
255
255
255
255
255
255
255
255
255
255
255
255
255
255
255
255
255
255
255
255
255
255
255
255
255
255
255
255
255
255
255
255
255
255
255
255
255
255
255
255
255
255
255
255
255
255
255
255
255
255
255
255
255
255
255
255
255
255
255
255
255
255
255
255
255
255
255
255
255
255
255
255
255
254
254
254
254
254
254
254
254
251
251
213
189
191
196
206
214
217
223
228
232
233
233
235
239
239
237
237
236
234
234
229
226
224
221
221
222
223
223
223
224
221
217
217
215
202
191
196
217
240
250
251
252
254
255
254
254
254
254
254
254
254
255
255
255
255
255
255
255
255
255
255
255
255
255
255
255
255
255
255
255
255
255
255
255
255
255
255
255
255
255
255
255
255
255
255
255
255
255
255
255
255
255
255
255
255
255
255
255
255
255
255
255
255
255
255
255
255
255
255
255
255
255
255
255
255
255
255
255
255
255
255
255
255
255
255
255
255
255
255
255
255
255
255
255
255
255
255
255
255
255
255
255
255
255
255
255
255
255
255
255
255
255
255
255
255
255
255
255
255
255
255
255
255
255
255
255
255
255
255
255
255
255
255
255
255
255
255
255
255
255
255
255
255
255
255
255
255
255
255
255
255
255
255
255
255
255
255
255
255
255
255
255
255
255
255
255
255
255
255
255
255
255
255
255
255
254
254
254
254
254
254
254
252
251
219
195
196
201
210
216
219
224
230
233
234
235
236
239
239
238
237
236
235
234
228
225
222
219
218
219
221
221
222
223
221
215
212
207
195
196
219
240
249
250
251
254
255
255
254
254
254
254
254
254
255
255
255
255
255
255
255
255
255
255
255
255
255
255
255
255
255
255
255
255
255
255
255
255
255
255
255
255
255
255
255
255
255
255
255
255
255
255
255
255
255
255
255
255
255
255
255
255
255
255
255
255
255
255
255
255
255
255
255
255
255
255
255
255
255
255
255
255
255
255
255
255
255
255
255
255
255
255
255
255
255
255
255
255
255
255
255
255
255
255
255
255
255
255
255
255
255
255
255
255
255
255
255
255
255
255
255
255
255
255
255
255
255
255
255
255
255
255
255
255
255
255
255
255
255
255
255
255
255
255
255
255
255
255
255
255
255
255
255
255
255
255
255
255
255
255
255
255
255
255
255
255
255
255
255
255
255
255
255
255
255
255
255
255
255
255
254
254
254
254
254
254
253
251
226
202
202
205
213
215
219
225
230
232
234
234
236
239
238
238
237
236
235
234
229
226
223
219
218
218
220
220
220
216
218
218
206
193
193
212
239
249
251
250
252
254
253
255
254
254
254
254
255
255
255
255
255
255
255
255
255
255
255
255
255
255
255
255
255
255
255
255
255
255
255
255
255
255
255
255
255
255
255
255
255
255
255
255
255
255
255
255
255
255
255
255
255
255
255
255
255
255
255
255
255
255
255
255
255
255
255
255
255
255
255
255
255
255
255
255
255
255
255
255
255
255
255
255
255
255
255
255
255
255
255
255
255
255
255
255
255
255
255
255
255
255
255
255
255
255
255
255
255
255
255
255
255
255
255
255
255
255
255
255
255
255
255
255
255
255
255
255
255
255
255
255
255
255
255
255
255
255
255
255
255
255
255
255
255
255
255
255
255
255
255
255
255
255
255
255
255
255
255
255
255
255
255
255
255
255
255
255
255
255
255
255
255
255
254
255
255
254
254
254
254
253
253
252
234
209
205
206
214
217
221
226
231
235
236
237
237
239
239
238
237
236
235
235
232
229
226
223
219
220
220
221
219
211
211
210
196
189
206
231
248
251
251
251
253
254
251
254
254
255
255
255
254
254
254
255
255
255
255
255
255
255
255
255
255
255
255
255
255
255
255
255
255
255
255
255
255
255
255
255
255
255
255
255
255
255
255
255
255
255
255
255
255
255
255
255
255
255
255
255
255
255
255
255
255
255
255
255
255
255
255
255
255
255
255
255
255
255
255
255
255
255
255
255
255
255
255
255
255
255
255
255
255
255
255
255
255
255
255
255
255
255
255
255
255
255
255
255
255
255
255
255
255
255
255
255
255
255
255
255
255
255
255
255
255
255
255
255
255
255
255
255
255
255
255
255
255
255
255
255
255
255
255
255
255
255
255
255
255
255
255
255
255
255
255
255
255
255
255
255
255
255
255
255
255
255
255
255
255
255
255
255
255
255
255
255
255
254
254
254
254
254
254
254
255
253
253
252
239
214
206
206
213
220
225
229
234
238
239
241
240
239
239
238
238
236
235
235
234
233
229
224
221
220
220
220
217
211
202
191
187
202
227
245
251
251
252
253
252
253
253
255
255
255
254
254
254
254
254
255
255
255
255
255
255
255
255
255
255
255
255
255
255
255
255
255
255
255
255
255
255
255
255
255
255
255
255
255
255
255
255
255
255
255
255
255
255
255
255
255
255
255
255
255
255
255
255
255
255
255
255
255
255
255
255
255
255
255
255
255
255
255
255
255
255
255
255
255
255
255
255
255
255
255
255
255
255
255
255
255
255
255
255
255
255
255
255
255
255
255
255
255
255
255
255
255
255
255
255
255
255
255
255
255
255
255
255
255
255
255
255
255
255
255
255
255
255
255
255
255
255
255
255
255
255
255
255
255
255
255
255
255
255
255
255
255
255
255
255
255
255
255
255
255
255
255
255
255
255
255
255
255
255
255
255
255
255
255
255
255
255
254
254
254
254
254
254
254
255
254
254
251
243
216
204
203
211
221
225
229
234
237
239
240
240
239
238
238
237
236
235
235
235
234
229
224
220
218
217
216
208
205
192
184
198
226
244
250
251
252
254
254
249
251
254
254
254
254
254
254
254
254
254
254
255
255
255
255
255
255
255
255
255
255
255
255
255
255
255
255
255
255
255
255
255
255
255
255
255
255
255
255
255
255
255
255
255
255
255
255
255
255
255
255
255
255
255
255
255
255
255
255
255
255
255
255
255
255
255
255
255
255
255
255
255
255
255
255
255
255
255
255
255
255
255
255
255
255
255
255
255
255
255
255
255
255
255
255
255
255
255
255
255
255
255
255
255
255
255
255
255
255
255
255
255
255
255
255
255
255
255
255
255
255
255
255
255
255
255
255
255
255
255
255
255
255
255
255
255
255
255
255
255
255
255
255
255
255
255
255
255
255
255
255
255
255
255
255
255
255
255
255
255
255
255
255
255
255
255
255
255
255
255
255
255
254
254
254
254
254
254
255
255
254
254
251
245
218
202
198
208
216
220
225
229
232
234
235
236
238
238
238
237
237
235
235
235
232
227
221
217
213
212
210
194
191
187
198
224
246
252
252
253
254
254
254
249
250
253
254
254
254
254
254
254
253
254
254
255
255
255
255
255
255
255
255
255
255
255
255
255
255
255
255
255
255
255
255
255
255
255
255
255
255
255
255
255
255
255
255
255
255
255
255
255
255
255
255
255
255
255
255
255
255
255
255
255
255
255
255
255
255
255
255
255
255
255
255
255
255
255
255
255
255
255
255
255
255
255
255
255
255
255
255
255
255
255
255
255
255
255
255
255
255
255
255
255
255
255
255
255
255
255
255
255
255
255
255
255
255
255
255
255
255
255
255
255
255
255
255
255
255
255
255
255
255
255
255
255
255
255
255
255
255
255
255
255
255
255
255
255
255
255
255
255
255
255
255
255
255
255
255
255
255
255
255
255
255
255
255
255
255
255
255
255
255
255
255
255
254
253
253
254
254
255
255
255
254
253
250
248
227
205
196
206
214
216
219
224
228
230
231
232
235
237
236
235
233
232
234
231
227
222
218
214
210
205
199
180
187
203
225
246
253
253
253
254
255
255
254
252
252
254
254
254
254
254
254
254
253
254
254
255
255
255
255
255
255
255
255
255
255
255
255
255
255
255
255
255
255
255
255
255
255
255
255
255
255
255
255
255
255
255
255
255
255
255
255
255
255
255
255
255
255
255
255
255
255
255
255
255
255
255
255
255
255
255
255
255
255
255
255
255
255
255
255
255
255
255
255
255
255
255
255
255
255
255
255
255
255
255
255
255
255
255
255
255
255
255
255
255
255
255
255
255
255
255
255
255
255
255
255
255
255
255
255
255
255
255
255
255
255
255
255
255
255
255
255
255
255
255
255
255
255
255
255
255
255
255
255
255
255
255
255
255
255
255
255
255
255
255
255
255
255
255
255
255
255
255
255
255
255
255
255
255
255
255
255
255
255
255
255
255
254
253
254
254
255
255
255
255
254
251
251
251
243
215
197
200
212
213
217
223
226
229
229
227
229
233
235
233
229
228
230
223
218
216
215
211
203
193
183
188
209
233
248
253
253
251
252
254
254
254
255
255
254
254
254
254
254
254
254
254
254
254
254
255
255
255
255
255
255
255
255
255
255
255
255
255
255
255
255
255
255
255
255
255
255
255
255
255
255
255
255
255
255
255
255
255
255
255
255
255
255
255
255
255
255
255
255
255
255
255
255
255
255
255
255
255
255
255
255
255
255
255
255
255
255
255
255
255
255
255
255
255
255
255
255
255
255
255
255
255
255
255
255
255
255
255
255
255
255
255
255
255
255
255
255
255
255
255
255
255
255
255
255
255
255
255
255
255
255
255
255
255
255
255
255
255
255
255
255
255
255
255
255
255
255
255
255
255
255
255
255
255
255
255
255
255
255
255
255
255
255
255
255
255
255
255
255
255
255
255
255
255
255
255
255
255
255
255
255
255
255
255
255
255
254
254
254
254
254
254
255
255
254
253
252
252
248
228
201
186
199
203
210
216
220
221
221
221
226
230
232
233
230
225
221
213
211
212
207
199
190
187
189
226
236
246
252
253
251
251
252
254
254
254
255
255
254
254
254
254
254
254
254
254
254
254
254
255
255
255
255
255
255
255
255
255
255
255
255
255
255
255
255
255
255
255
255
255
255
255
255
255
255
255
255
255
255
255
255
255
255
255
255
255
255
255
255
255
255
255
255
255
255
255
255
255
255
255
255
255
255
255
255
255
255
255
255
255
255
255
255
255
255
255
255
255
255
255
255
255
255
255
255
255
255
255
255
255
255
255
255
255
255
255
255
255
255
255
255
255
255
255
255
255
255
255
255
255
255
255
255
255
255
255
255
255
255
255
255
255
255
255
255
255
255
255
255
255
255
255
255
255
255
255
255
255
255
255
255
255
255
255
255
255
255
255
255
255
255
255
255
255
255
255
255
255
255
255
255
255
255
255
255
255
255
255
255
255
255
254
254
254
254
254
254
254
254
254
253
254
252
242
212
182
193
197
201
206
210
215
219
221
222
223
223
225
224
218
211
208
206
202
190
180
187
210
228
249
252
253
254
252
251
253
253
254
254
254
255
255
254
254
254
254
254
254
254
254
254
254
255
255
255
255
255
255
255
255
255
255
255
255
255
255
255
255
255
255
255
255
255
255
255
255
255
255
255
255
255
255
255
255
255
255
255
255
255
255
255
255
255
255
255
255
255
255
255
255
255
255
255
255
255
255
255
255
255
255
255
255
255
255
255
255
255
255
255
255
255
255
255
255
255
255
255
255
255
255
255
255
255
255
255
255
255
255
255
255
255
255
255
255
255
255
255
255
255
255
255
255
255
255
255
255
255
255
255
255
255
255
255
255
255
255
255
255
255
255
255
255
255
255
255
255
255
255
255
255
255
255
255
255
255
255
255
255
255
255
255
255
255
255
255
255
255
255
255
255
255
255
255
255
255
255
255
255
255
255
255
255
255
255
255
255
254
254
254
254
254
254
253
253
254
253
252
249
228
198
191
192
195
198
204
213
219
220
215
214
214
216
218
215
209
198
189
182
181
193
216
241
251
252
253
253
253
253
253
254
254
254
254
254
255
254
254
254
254
254
254
254
254
255
254
255
255
255
255
255
255
255
255
255
255
255
255
255
255
255
255
255
255
255
255
255
255
255
255
255
255
255
255
255
255
255
255
255
255
255
255
255
255
255
255
255
255
255
255
255
255
255
255
255
255
255
255
255
255
255
255
255
255
255
255
255
255
255
255
255
255
255
255
255
255
255
255
255
255
255
255
255
255
255
255
255
255
255
255
255
255
255
255
255
255
255
255
255
255
255
255
255
255
255
255
255
255
255
255
255
255
255
255
255
255
255
255
255
255
255
255
255
255
255
255
255
255
255
255
255
255
255
255
255
255
255
255
255
255
255
255
255
255
255
255
255
255
255
255
255
255
255
255
255
255
255
255
255
255
255
255
255
255
255
255
255
255
255
255
254
254
254
254
254
254
254
251
252
253
251
251
252
244
225
188
188
191
197
204
209
212
211
208
207
209
211
210
204
196
180
174
182
204
234
251
253
250
250
250
251
254
254
254
253
254
254
254
254
255
254
254
254
254
254
254
254
254
254
254
254
255
255
255
255
255
255
255
255
255
255
255
255
255
255
255
255
255
255
255
255
255
255
255
255
255
255
255
255
255
255
255
255
255
255
255
255
255
255
255
255
255
255
255
255
255
255
255
255
255
255
255
255
255
255
255
255
255
255
255
255
255
255
255
255
255
255
255
255
255
255
255
255
255
255
255
255
255
255
255
255
255
255
255
255
255
255
255
255
255
255
255
255
255
255
255
255
255
255
255
255
255
255
255
255
255
255
255
255
255
255
255
255
255
255
255
255
255
255
255
255
255
255
255
255
255
255
255
255
255
255
255
255
255
255
255
255
255
255
255
255
255
255
255
255
255
255
255
255
255
255
255
255
255
255
255
255
255
255
255
255
255
255
255
254
253
253
253
253
254
254
251
252
253
250
250
253
251
243
194
191
190
196
203
203
197
196
203
203
202
199
192
181
171
184
199
218
238
250
252
254
253
253
253
253
254
254
253
253
253
254
254
255
254
254
254
254
254
254
254
255
254
254
253
254
255
255
255
255
255
255
255
255
255
255
255
255
255
255
255
255
255
255
255
255
255
255
255
255
255
255
255
255
255
255
255
255
255
255
255
255
255
255
255
255
255
255
255
255
255
255
255
255
255
255
255
255
255
255
255
255
255
255
255
255
255
255
255
255
255
255
255
255
255
255
255
255
255
255
255
255
255
255
255
255
255
255
255
255
255
255
255
255
255
255
255
255
255
255
255
255
255
255
255
255
255
255
255
255
255
255
255
255
255
255
255
255
255
255
255
255
255
255
255
255
255
255
255
255
255
255
255
255
255
255
255
255
255
255
255
255
255
255
255
255
255
255
255
255
255
255
255
255
255
255
255
255
255
255
255
255
255
255
255
255
255
255
254
254
253
253
253
253
254
254
254
253
252
252
254
254
253
248
223
208
192
189
195
196
189
189
196
192
186
181
180
183
188
221
241
250
252
251
250
253
253
254
253
251
252
254
253
251
252
254
254
255
254
254
254
253
254
254
254
255
254
253
253
254
255
255
255
255
255
255
255
255
255
255
255
255
255
255
255
255
255
255
255
255
255
255
255
255
255
255
255
255
255
255
255
255
255
255
255
255
255
255
255
255
255
255
255
255
255
255
255
255
255
255
255
255
255
255
255
255
255
255
255
255
255
255
255
255
255
255
255
255
255
255
255
255
255
255
255
255
255
255
255
255
255
255
255
255
255
255
255
255
255
255
255
255
255
255
255
255
255
255
255
255
255
255
255
255
255
255
255
255
255
255
255
255
255
255
255
255
255
255
255
255
255
255
255
255
255
255
255
255
255
255
255
255
255
255
255
255
255
255
255
255
255
255
255
255
255
255
255
255
255
255
255
255
255
255
255
255
255
255
255
255
255
255
254
254
253
253
253
253
254
255
254
253
253
253
254
255
254
248
246
227
196
181
186
192
192
188
185
179
172
175
192
218
239
249
252
253
254
254
253
246
242
253
252
246
246
251
254
252
253
255
255
255
254
254
254
254
254
254
254
255
254
254
254
254
255
255
255
255
255
255
255
255
255
255
255
255
255
255
255
255
255
255
255
255
255
255
255
255
255
255
255
255
255
255
255
255
255
255
255
255
255
255
255
255
255
255
255
255
255
255
255
255
255
255
255
255
255
255
255
255
255
255
255
255
255
255
255
255
255
255
255
255
255
255
255
255
255
255
255
255
255
255
255
255
255
255
255
255
255
255
255
255
255
255
255
255
255
255
255
255
255
255
255
255
255
255
255
255
255
255
255
255
255
255
255
255
255
255
255
255
255
255
255
255
255
255
255
255
255
255
255
255
255
255
255
255
255
255
255
255
255
255
255
255
255
255
255
255
255
255
255
255
255
255
255
255
255
255
255
255
255
255
255
255
255
255
255
254
254
254
254
254
254
254
254
254
254
254
254
255
254
254
251
248
239
218
194
176
169
169
180
196
217
234
244
248
250
253
254
254
255
255
255
254
255
254
254
254
254
254
254
254
254
255
255
255
255
254
254
254
254
254
255
255
255
255
255
255
255
255
255
255
255
255
255
255
255
255
255
255
255
255
255
255
255
255
255
255
255
255
255
255
255
255
255
255
255
255
255
255
255
255
255
255
255
255
255
255
255
255
255
255
255
255
255
255
255
255
255
255
255
255
255
255
255
255
255
255
255
255
255
255
255
255
255
255
255
255
255
255
255
255
255
255
255
255
255
255
255
255
255
255
255
255
255
255
255
255
255
255
255
255
255
255
255
255
255
255
255
255
255
255
255
255
255
255
255
255
255
255
255
255
255
255
255
255
255
255
255
255
255
255
255
255
255
255
255
255
255
255
255
255
255
255
255
255
255
255
255
255
255
255
255
255
255
255
255
255
255
255
255
255
255
255
255
255
255
255
255
255
255
255
255
255
255
255
255
255
255
255
255
255
255
255
255
255
254
253
253
250
242
238
236
237
242
247
250
252
253
252
247
253
255
255
255
255
255
255
255
255
255
255
255
255
255
255
255
255
255
255
255
255
255
255
255
255
255
255
255
255
255
255
255
255
255
255
255
255
255
255
255
255
255
255
255
255
255
255
255
255
255
255
255
255
255
255
255
255
255
255
255
255
255
255
255
255
255
255
255
255
255
255
255
255
255
255
255
255
255
255
255
255
255
255
255
255
255
255
255
255
255
255
255
255
255
255
255
255
255
255
255
255
255
255
255
255
255
255
255
255
255
255
255
255
255
255
255
255
255
255
255
255
255
255
255
255
255
255
255
255
255
255
255
255
255
255
255
255
255
255
255
255
255
255
255
255
255
255
255
255
255
255
255
255
255
255
255
255
255
255
255
255
255
255
255
255
255
255
255
255
255
255
255
255
255
255
255
255
255
255
255
255
255
255
255
255
255
255
255
255
255
255
255
255
255
255
255
255
255
255
255
255
255
255
255
255
255
255
255
255
254
253
252
252
251
250
250
249
249
251
252
252
254
254
253
254
255
255
255
255
255
255
255
255
255
255
255
255
255
255
255
255
255
255
255
255
255
255
255
255
255
255
255
255
255
255
255
255
255
255
255
255
255
255
255
255
255
255
255
255
255
255
255
255
255
255
255
255
255
255
255
255
255
255
255
255
255
255
255
255
255
255
255
255
255
255
255
255
255
255
255
255
255
255
255
255
255
255
255
255
255
255
255
255
255
255
255
255
255
255
255
255
255
255
255
255
255
255
255
255
255
255
255
255
255
255
255
255
255
255
255
255
255
255
255
255
255
255
255
255
255
255
255
255
255
255
255
255
255
255
255
255
255
255
255
255
255
255
255
255
255
255
255
255
255
255
255
255
255
255
255
255
255
255
255
255
255
255
255
255
255
255
255
255
255
255
255
255
255
255
255
255
255
255
255
255
255
255
255
255
255
255
255
255
255
255
255
255
255
255
255
255
255
255
255
255
255
255
255
255
255
255
255
255
255
251
248
250
252
251
249
248
250
251
251
252
252
253
253
254
255
255
255
255
255
255
255
255
255
255
255
255
255
255
255
255
255
255
255
255
255
255
255
255
255
255
255
255
255
255
255
255
255
255
255
255
255
255
255
255
255
255
255
255
255
255
255
255
255
255
255
255
255
255
255
255
255
255
255
255
255
255
255
255
255
255
255
255
255
255
255
255
255
255
255
255
255
255
255
255
255
255
255
255
255
255
255
255
255
255
255
255
255
255
255
255
255
255
255
255
255
255
255
255
255
255
255
255
255
255
255
255
255
255
255
255
255
255
255
255
255
255
255
255
255
255
255
255
255
255
255
255
255
255
255
255
255
255
255
255
255
255
255
255
255
255
255
255
255
255
255
255
255
255
255
255
255
255
255
255
255
255
255
255
255
255
255
255
255
255
255
255
255
255
255
255
255
255
255
255
255
255
255
255
255
255
255
255
255
255
255
255
255
255
255
255
255
255
255
255
255
255
255
255
255
255
255
255
254
252
250
252
253
252
251
251
251
251
251
252
251
252
253
254
255
255
255
255
255
255
255
255
255
255
255
255
255
255
255
255
255
255
255
255
255
255
255
255
255
255
255
255
255
255
255
255
255
255
255
255
255
255
255
255
255
255
255
255
255
255
255
255
255
255
255
255
255
255
255
255
255
255
255
255
255
255
255
255
255
255
255
255
255
255
255
255
255
255
255
255
255
255
255
255
255
255
255
255
255
255
255
255
255
255
255
255
255
255
255
255
255
255
255
255
255
255
255
255
255
255
255
255
255
255
255
255
255
255
255
255
255
255
255
255
255
255
255
255
255
255
255
255
255
255
255
255
255
255
255
255
255
255
255
255
255
255
255
255
255
255
255
255
255
255
255
255
255
255
255
255
255
255
255
255
255
255
255
255
255
255
255
255
255
255
255
255
255
255
255
255
255
255
255
255
255
255
255
255
255
255
255
255
255
255
255
255
255
255
255
255
255
255
255
255
255
255
255
255
255
255
255
255
253
251
250
251
254
252
252
250
248
250
251
252
254
253
253
255
255
255
255
255
255
255
255
255
255
255
255
255
255
255
255
255
255
255
255
255
255
255
255
255
255
255
255
255
255
255
255
255
255
255
255
255
255
255
255
255
255
255
255
255
255
255
255
255
255
255
255
255
255
255
255
255
255
255
255
255
255
255
255
255
255
255
255
255
255
255
255
255
255
255
255
255
255
255
255
255
255
255
255
255
255
255
255
255
255
255
255
255
255
255
255
255
255
255
255
255
255
255
255
255
255
255
255
255
255
255
255
255
255
255
255
255
255
255
255
255
255
255
255
255
255
255
255
255
255
255
255
255
255
255
255
255
255
255
255
255
255
255
255
255
255
255
255
255
255
255
255
255
255
255
255
255
255
255
255
255
255
255
255
255
255
255
255
255
255
255
255
255
255
255
255
255
255
255
255
255
255
255
255
255
255
255
255
255
255
255
255
255
255
255
255
255
255
255
255
255
255
255
255
255
255
255
255
255
254
253
253
253
252
251
250
251
252
252
253
254
254
254
254
254
255
255
255
255
255
255
255
255
255
255
255
255
255
255
255
255
255
255
255
255
255
255
255
255
255
255
255
255
255
255
255
255
255
255
255
255
255
255
255
255
255
255
255
255
255
255
255
255
255
255
255
255
255
255
255
255
255
255
255
255
255
255
255
255
255
255
255
255
255
255
255
255
255
255
255
255
255
255
255
255
255
255
255
255
255
255
255
255
255
255
255
255
255
255
255
255
255
255
255
255
255
255
255
255
255
255
255
255
255
255
255
255
255
255
255
255
255
255
255
255
255
255
255
255
255
255
255
255
255
255
255
255
255
255
255
255
255
255
255
255
255
255
255
255
255
255
255
255
255
255
255
255
255
255
255
255
255
255
255
255
255
255
255
255
255
255
255
255
255
255
255
255
255
255
255
255
255
255
255
255
255
255
255
255
255
255
255
255
255
255
255
255
255
255
255
255
255
255
255
255
255
255
255
255
255
255
255
255
253
254
254
255
253
253
253
253
253
253
254
255
254
253
252
254
255
255
255
255
255
255
255
255
255
255
255
255
255
255
255
255
255
255
255
255
255
255
255
255
255
255
255
255
255
255
255
255
255
255
255
255
255
255
255
255
255
255
255
255
255
255
255
255
255
255
255
255
255
255
255
255
255
255
255
255
255
255
255
255
255
255
255
255
255
255
255
255
255
255
255
255
255
255
255
255
255
255
255
255
255
255
255
255
255
255
255
255
255
255
255
255
255
255
255
255
255
255
255
255
255
255
255
255
255
255
255
255
255
255
255
255
255
255
255
255
255
255
255
255
255
255
255
255
255
255
255
255
255
255
255
255
255
255
255
255
255
255
255
255
255
255
255
255
255
255
255
255
255
255
255
255
255
255
255
255
255
255
255
255
255
255
255
255
255
255
255
255
255
255
255
255
255
255
255
255
255
255
255
255
255
255
255
255
255
255
255
255
255
255
255
255
255
255
255
255
255
255
255
255
255
255
255
255
253
254
254
254
255
254
254
254
254
254
255
254
254
253
253
254
255
255
255
255
255
255
255
255
255
255
255
255
255
255
255
255
255
255
255
255
255
255
255
255
255
255
255
255
255
255
255
255
255
255
255
255
255
255
255
255
255
255
255
255
255
255
255
255
255
255
255
255
255
255
255
255
255
255
255
255
255
255
255
255
255
255
255
255
255
255
255
255
255
255
255
255
255
255
255
255
255
255
255
255
255
255
255
255
255
255
255
255
255
255
255
255
255
255
255
255
255
255
255
255
255
255
255
255
255
255
255
255
255
255
255
255
255
255
255
255
255
255
255
255
255
255
255
255
255
255
255
255
255
255
255
255
255
255
255
255
255
255
255
255
255
255
255
255
255
255
255
255
255
255
255
255
255
255
255
255
255
255
255
255
255
255
255
255
255
255
255
255
255
255
255
255
255
255
255
255
255
255
255
255
255
255
255
255
255
255
255
255
255
255
255
255
255
255
255
255
255
255
255
255
255
255
255
255
254
254
254
254
255
255
255
254
255
255
255
254
254
254
254
254
255
255
255
255
255
255
255
255
255
255
255
255
255
255
255
255
255
255
255
255
255
255
255
255
255
255
255
255
255
255
255
255
255
255
255
255
255
255
255
255
255
255
255
255
255
255
255
255
255
255
255
255
255
255
255
255
255
255
255
255
255
255
255
255
255
255
255
255
255
255
255
255
255
255
255
255
255
255
255
255
255
255
255
255
255
255
255
255
255
255
255
255
255
255
255
255
255
255
255
255
255
255
255
255
255
255
255
255
255
255
255
255
255
255
255
255
255
255
255
255
255
255
255
255
255
255
255
255
255
255
255
255
255
255
255
255
255
255
255
255
255
255
255
255
255
255
255
255
255
255
255
255
255
255
255
255
255
255
255
255
255
255
255
255
255
255
255
255
255
255
255
255
255
255
255
255
255
255
255
255
255
255
255
255
255
255
255
255
255
255
255
255
255
255
255
255
255
255
255
255
255
255
255
255
255
255
255
255
254
254
254
254
254
254
255
255
255
255
254
254
254
254
254
254
255
255
255
255
255
255
255
255
255
255
255
255
255
255
255
255
255
255
255
255
255
255
255
255
255
255
255
255
255
255
255
255
255
255
255
255
255
255
255
255
255
255
255
255
255
255
255
255
255
255
255
255
255
255
255
255
255
255
255
255
255
255
255
255
255
255
255
255
255
255
255
255
255
255
255
255
255
255
255
255
255
255
255
255
255
255
255
255
255
255
255
255
255
255
255
255
255
255
255
255
255
255
255
255
255
255
255
255
255
255
255
255
255
255
255
255
255
255
255
255
255
255
255
255
255
255
255
255
255
255
255
255
255
255
255
255
255
255
255
255
255
255
255
255
255
255
255
255
255
255
255
255
255
255
255
255
255
255
255
255
255
255
255
255
255
255
255
255
255
255
255
255
255
255
255
255
255
255
255
255
255
255
255
255
255
255
255
255
255
255
255
255
255
255
255
255
255
255
255
255
255
255
255
255
255
255
255
255
254
254
254
254
254
254
255
255
255
254
254
254
254
254
254
255
255
255
255
255
255
255
255
255
255
255
255
255
255
255
255
255
255
255
255
255
255
255
255
255
255
255
255
255
255
255
255
255
255
255
255
255
255
255
255
255
255
255
255
255
255
255
255
255
255
255
255
255
255
255
255
255
255
255
255
255
255
255
255
255
255
255
255
255
255
255
255
255
255
255
255
255
255
255
255
255
255
255
255
255
255
255
255
255
255
255
255
255
255
255
255
255
255
255
255
255
255
255
255
255
255
255
255
255
255
255
255
255
255
255
255
255
255
255
255
255
255
255
255
255
255
255
255
255
255
255
255
255
255
255
255
255
255
255
255
255
255
255
255
255
255
255
255
255
255
255
255
255
255
255
255
255
255
255
255
255
255
255
255
255
255
255
255
255
255
255
255
255
255
255
255
255
255
255
255
255
255
255
255
255
255
255
255
255
255
255
255
255
255
255
255
255
255
255
255
255
255
255
255
255
255
255
255
255
255
254
255
254
254
254
254
254
254
254
254
254
254
255
255
255
255
255
255
255
255
255
255
255
255
255
255
255
255
255
255
255
255
255
255
255
255
255
255
255
255
255
255
255
255
255
255
255
255
255
255
255
255
255
255
255
255
255
255
255
255
255
255
255
255
255
255
255
255
255
255
255
255
255
255
255
255
255
255
255
255
255
255
255
255
255
255
255
255
255
255
255
255
255
255
255
255
255
255
255
255
255
255
255
255
255
255
255
255
255
255
255
255
255
255
255
255
255
255
255
255
255
255
255
255
255
255
255
255
255
255
255
255
255
255
255
255
255
255
255
255
255
255
255
255
255
255
255
255
255
255
255
255
255
255
255
255
255
255
255
255
255
255
255
255
255
255
255
255
255
255
255
255
255
255
255
255
255
255
255
255
255
255
255
255
255
255
255
255
255
255
255
255
255
255
255
255
255
255
255
255
255
255
255
255
255
255
255
255
255
255
255
255
255
255
255
255
255
255
255
255
255
255
255
255
254
255
254
255
254
254
254
254
254
254
255
254
255
255
255
255
255
255
255
255
255
255
255
255
255
255
255
255
255
255
255
255
255
255
255
255
255
255
255
255
255
255
255
255
255
255
255
255
255
255
255
255
255
255
255
255
255
255
255
255
255
255
255
255
255
255
255
255
255
255
255
255
255
255
255
255
255
255
255
255
255
255
255
255
255
255
255
255
255
255
255
255
255
255
255
255
255
255
255
255
255
255
255
255
255
255
255
255
255
255
255
255
255
255
255
255
255
255
255
255
255
255
255
255
255
255
255
255
255
255
255
255
255
255
255
255
255
255
255
255
255
255
255
255
255
255
255
255
255
255
255
255
255
255
255
255
255
255
255
255
255
255
255
255
255
255
255
255
255
255
255
255
255
255
255
255
255
255
255
255
255
255
255
255
255
255
255
255
255
255
255
255
255
255
255
255
255
255
255
255
255
255
255
255
255
255
255
255
255
255
255
255
255
255
255
255
255
255
255
255
255
255
255
255
255
255
255
255
254
254
254
254
254
254
254
255
255
255
255
255
255
255
255
255
255
255
255
255
255
255
255
255
255
255
255
255
255
255
255
255
255
255
255
255
255
255
255
255
255
255
255
255
255
255
255
255
255
255
255
255
255
255
255
255
255
255
255
255
255
255
255
255
255
255
255
255
255
255
255
255
255
255
255
255
255
255
255
255
255
255
255
255
255
255
255
255
255
255
255
255
255
255
255
255
255
255
255
255
255
255
255
255
255
255
255
255
255
255
255
255
255
255
255
255
255
255
255
255
255
255
255
255
255
255
255
255
255
255
255
255
255
255
255
255
255
255
255
255
255
255
255
255
255
255
255
255
255
255
255
255
255
255
255
255
255
255
255
255
255
255
255
255
255
255
255
255
255
255
255
255
255
255
255
255
255
255
255
255
255
255
255
255
255
255
255
255
255
255
255
255
255
255
255
255
255
255
255
255
255
255
255
255
255
255
255
255
255
255
255
255
255
255
255
255
255
255
255
255
255
255
255
255
254
254
254
254
254
255
255
255
255
255
255
255
255
255
255
255
255
255
255
255
255
255
255
255
255
255
255
255
255
255
255
255
255
255
255
255
255
255
255
255
255
255
255
255
255
255
255
255
255
255
255
255
255
255
255
255
255
255
255
255
255
255
255
255
255
255
255
255
255
255
255
255
255
255
255
255
255
255
255
255
255
255
255
255
255
255
255
255
255
255
255
255
255
255
255
255
255
255
255
255
255
255
255
255
255
255
255
255
255
255
255
255
255
255
255
255
255
255
255
255
255
255
255
255
255
255
255
255
255
255
255
255
255
255
255
255
255
255
255
255
255
255
255
255
255
255
255
255
255
255
255
255
255
255
255
255
255
255
255
255
255
255
255
255
255
255
255
255
255
255
255
255
255
255
255
255
255
255
255
255
255
255
255
255
255
255
255
255
255
255
255
255
255
255
255
255
255
255
255
255
255
255
255
255
255
255
255
255
255
255
255
255
255
255
255
255
255
255
255
255
255
255
255
255
255
254
254
254
254
255
255
255
255
255
255
255
255
255
255
255
255
255
255
255
255
255
255
255
255
255
255
255
255
255
255
255
255
255
255
255
255
255
255
255
255
255
255
255
255
255
255
255
255
255
255
255
255
255
255
255
255
255
255
255
255
255
255
255
255
255
255
255
255
255
255
255
255
255
255
255
255
255
255
255
255
255
255
255
255
255
255
255
255
255
255
255
255
255
255
255
255
255
255
255
255
255
255
255
255
255
255
255
255
255
255
255
255
255
255
255
255
255
255
255
255
255
255
255
255
255
255
255
255
255
255
255
255
255
255
255
255
255
255
255
255
255
255
255
255
255
255
255
255
255
255
255
255
255
255
255
255
255
255
255
255
255
255
255
255
255
255
255
255
255
255
255
255
255
255
255
255
255
255
255
255
255
255
255
255
255
255
255
255
255
255
255
255
255
255
255
255
255
255
255
255
255
255
255
255
255
255
255
255
255
255
255
255
255
255
255
255
255
255
255
255
255
255
255
255
255
255
255
255
255
255
255
255
255
255
255
255
255
255
255
255
255
255
255
255
255
255
255
255
255
255
255
255
255
255
255
255
255
255
255
255
255
255
255
255
255
255
255
255
255
255
255
255
255
255
255
255
255
255
255
255
255
255
255
255
255
255
255
255
255
255
255
255
255
255
255
255
255
255
255
255
255
255
255
255
255
255
255
255
255
255
255
255
255
255
255
255
255
255
255
255
255
255
255
255
255
255
255
255
255
255
255
255
255
255
255
255
255
255
255
255
255
255
255
255
255
255
255
255
255
255
255
255
255
255
255
255
255
255
255
255
255
255
255
255
255
255
255
255
255
255
255
255
255
255
255
255
255
255
255
255
255
255
255
255
255
255
255
255
255
255
255
255
255
255
255
255
255
255
255
255
255
255
255
255
255
255
255
255
255
255
255
255
255
255
255
255
255
255
255
255
255
255
255
255
255
255
255
255
255
255
255
255
255
255
255
255
255
255
255
255
255
255
255
255
255
255
255
255
255
255
255
255
255
255
255
255
255
255
255
255
255
255
255
255
255
255
255
255
255
255
255
255
255
255
255
255
255
255
255
255
255
255
255
255
255
255
255
255
255
255
255
255
255
255
255
255
255
255
255
255
255
255
255
255
255
255
255
255
255
255
255
255
255
255
255
255
255
255
255
255
255
255
255
255
255
255
255
255
255
255
255
255
255
255
255
255
255
255
255
255
255
255
255
255
255
255
255
255
255
255
255
255
255
255
255
255
255
255
255
255
255
255
255
255
255
255
255
255
255
255
255
255
255
255
255
255
255
255
255
255
255
255
255
255
255
255
255
255
255
255
255
255
255
255
255
255
255
255
255
255
255
255
255
255
255
255
255
255
255
255
255
255
255
255
255
255
255
255
255
255
255
255
255
255
255
255
255
255
255
255
255
255
255
255
255
255
255
255
255
255
255
255
255
255
255
255
255
255
255
255
255
255
255
255
255
255
255
255
255
255
255
255
255
255
255
255
255
255
255
255
255
255
255
255
255
255
255
255
255
255
255
255
255
255
255
255
255
255
255
255
255
255
255
255
255
255
255
255
255
255
255
255
255
255
255
255
255
255
255
255
255
255
255
255
255
255
255
255
255
255
255
255
255
255
255
255
255
255
255
255
255
255
255
255
255
255
255
255
255
255
255
255
255
255
255
255
255
255
255
255
255
255
255
255
255
255
255
255
255
255
255
255
255
255
255
255
255
255
255
255
255
255
255
255
255
255
255
255
255
255
255
255
255
255
255
255
255
255
255
255
255
255
255
255
255
255
255
255
255
255
255
255
255
255
255
255
255
255
255
255
255
255
255
255
255
255
255
255
255
255
255
255
255
255
255
255
255
255
255
255
255
255
255
255
255
255
255
255
255
255
255
255
255
255
255
255
255
255
255
255
255
255
255
255
255
255
255
255
255
255
255
255
255
255
255
255
255
255
255
255
255
255
255
255
255
255
255
255
255
255
255
255
255
255
255
255
255
255
255
255
255
255
255
255
255
255
255
255
255
255
255
255
255
255
255
255
255
255
255
255
255
255
255
255
255
255
255
255
255
255
255
255
255
255
255
255
255
255
255
255
255
255
255
255
255
255
255
255
255
255
255
255
255
255
255
255
255
255
255
255
255
255
255
255
255
255
255
255
255
255
255
255
255
255
255
255
255
255
255
255
255
255
255
255
255
255
255
255
255
255
255
255
255
255
255
255
255
255
255
255
255
255
255
255
255
255
255
255
255
255
255
255
255
255
255
255
255
255
255
255
255
255
255
255
255
255
255
255
255
255
255
255
255
255
255
255
255
255
255
255
255
255
255
255
255
255
255
255
255
255
255
255
255
255
255
255
255
255
255
255
255
255
255
255
255
255
255
255
255
255
255
255
255
255
255
255
255
255
255
255
255
255
255
255
255
255
255
255
255
255
255
255
255
255
255
255
255
255
255
255
255
255
255
255
255
255
255
255
255
255
255
255
255
255
255
255
255
255
255
255
255
255
255
255
255
255
255
255
255
255
255
255
255
255
255
255
255
255
255
255
255
255
255
255
255
255
255
255
255
255
255
255
255
255
255
255
255
255
255
255
255
255
255
255
255
255
255
255
255
255
255
255
255
255
255
255
255
255
255
255
255
255
255
255
255
255
255
255
255
255
255
255
255
255
255
255
255
255
255
255
255
255
255
255
255
255
255
255
255
255
255
255
255
255
255
255
255
255
255
255
255
255
255
255
255
255
255
255
255
255
255
255
255
255
255
255
255
255
255
255
255
255
255
255
255
255
255
255
255
255
255
255
255
255
255
255
255
255
255
255
255
255
255
255
255
255
255
255
255
255
255
255
255
255
255
255
255
255
255
255
255
255
255
255
255
255
255
255
255
255
255
255
255
255
255
255
255
255
255
255
255
255
255
255
255
255
255
255
255
255
255
255
255
255
255
255
255
255
255
255
255
255
255
255
255
255
255
255
255
255
255
255
255
255
255
255
255
255
255
255
255
255
255
255
255
255
255
255
255
255
255
255
255
255
255
255
255
255
255
255
255
255
255
255
255
255
255
255
255
255
255
255
255
255
255
255
255
255
255
255
255
255
255
255
255
255
255
255
255
255
255
255
255
255
255
255
255
255
255
255
255
255
255
255
255
255
255
255
255
255
255
255
255
255
255
255
255
255
255
255
255
255
255
255
255
255
255
255
255
255
255
255
255
255
255
255
255
255
255
255
255
255
255
255
255
255
255
255
255
255
